Al 0
s 9 1.00
0.045518     0.206193
0.100308     0.559887
0.221051     0.407852
0.487132     -0.041098
1.073500     -0.238652
2.365686     0.038132
5.213294     -0.003935
11.488606     0.000470
25.317597     -0.000014
s 1 1.00
0.064303     1.000000
s 1 1.00
0.371009     1.000000
p 9 1.00
0.014848     0.009932
0.030967     0.160212
0.064586     0.389171
0.134700     0.373235
0.280932     0.195800
0.585913     0.022947
1.221985     -0.053293
2.548578     0.004846
5.315330     -0.000726
p 1 1.00
0.035607     1.000000
p 1 1.00
0.090801     1.000000
d 1 1.00
0.115540     1.000000
d 1 1.00
0.359082     1.000000
f 1 1.00
0.254838     1.000000
