Ar 0
s 9 1.00
0.147347     0.155473
0.312164     0.494617
0.661339     0.526705
1.401090     0.021986
2.968301     -0.338533
6.288539     0.056023
13.322677     -0.000115
28.224956     -0.000595
59.796402     0.000127
s 1 1.00
0.228740     1.000000
s 1 1.00
1.191630     1.000000
p 9 1.00
0.090580     0.079101
0.188085     0.260718
0.390548     0.395065
0.810953     0.334954
1.683902     0.107462
3.496535     -0.073657
7.260371     -0.001407
15.075781     0.001710
31.304069     -0.000275
p 1 1.00
0.138338     1.000000
p 1 1.00
0.380189     1.000000
d 1 1.00
0.425779     1.000000
d 1 1.00
1.370859     1.000000
f 1 1.00
0.929931     1.000000
