As 0
s 9 1.00
0.079412     0.192043
0.178687     0.611682
0.402068     0.439261
0.904702     -0.110280
2.035691     -0.394179
4.580555     0.145632
10.306811     -0.021379
23.191593     0.003205
52.183937     -0.000469
s 1 1.00
0.113088     1.000000
s 1 1.00
0.540159     1.000000
p 9 1.00
0.050626     0.105058
0.108692     0.361819
0.233354     0.452107
0.500995     0.231243
1.075603     -0.009549
2.309248     -0.121767
4.957802     0.028648
10.644071     -0.002941
22.852115     0.000293
p 1 1.00
0.612326     1.000000
p 1 1.00
0.100851     1.000000
d 1 1.00
0.165790     1.000000
d 1 1.00
0.412063     1.000000
f 1 1.00
0.425290     1.000000
