B 0
s 9 1.00
0.040569     0.032031
0.081044     0.243317
0.161898     0.434636
0.323418     0.329581
0.646080     0.111875
1.290648     -0.078699
2.578276     -0.098781
5.150520     0.016164
10.288990     -0.000016
s 1 1.00
0.626026     1.000000
s 1 1.00
0.092094     1.000000
p 9 1.00
0.029207     0.019909
0.058408     0.141775
0.116803     0.294463
0.233582     0.309028
0.467115     0.236378
0.934132     0.131317
1.868068     0.066454
3.735743     0.021248
7.470701     0.002837
p 1 1.00
0.082056     1.000000
p 1 1.00
0.235016     1.000000
d 1 1.00
0.207316     1.000000
d 1 1.00
0.699153     1.000000
f 1 1.00
0.478872     1.000000
