Be 0
s 6 1.00
1.534946     0.031822
1.126766     -0.284692
0.791542     0.134293
0.178640     0.447713
0.073776     0.501301
0.032780     0.143845
s 6 1.00
1.534946     0.371714
1.126766     -1.460040
0.791542     1.125926
0.178640     1.598045
0.073776     -1.306671
0.032780     -0.328239
s 6 1.00
1.534946     1.888350
1.126766     -6.876878
0.791542     6.623484
0.178640     -1.836895
0.073776     -0.300817
0.032780     1.035726
s 1 1.00
0.058900     1.000000
p 3 1.00
3.619000     0.029105
0.711000     0.169466
0.195100     0.512969
p 1 1.00
0.060180     1.000000
d 1 1.00
0.238000     1.000000
