Br 0
s 9 1.00
0.114626     0.199832
0.253024     0.605806
0.558520     0.486414
1.232866     -0.208964
2.721403     -0.328448
6.007171     0.118471
13.260109     -0.013112
29.270100     0.001206
64.610234     -0.000121
s 1 1.00
0.154401     1.000000
s 1 1.00
0.660618     1.000000
p 9 1.00
0.067990     0.107992
0.145507     0.331860
0.311403     0.442871
0.666441     0.283256
1.426267     -0.026045
3.052389     -0.111323
6.532494     0.021712
13.980353     -0.001188
29.919703     0.000022
p 1 1.00
0.078655     1.000000
p 1 1.00
0.164043     1.000000
d 1 1.00
0.234980     1.000000
d 1 1.00
0.568017     1.000000
f 1 1.00
0.555711     1.000000
