Ca 0
s 8 1.00
13.477361     -0.068812
10.366318     0.195841
4.451759     -0.499643
1.034535     0.486822
0.564680     0.488475
0.301117     0.248699
0.067769     0.012110
0.026665     0.000284
s 8 1.00
13.477361     0.015699
10.366318     -0.049635
4.451759     0.145436
1.034535     -0.147502
0.564680     -0.288572
0.301117     -0.173348
0.067769     0.762592
0.026665     0.417691
s 8 1.00
13.477361     -0.006948
10.366318     0.056970
4.451759     -0.266642
1.034535     0.537766
0.564680     0.557346
0.301117     -0.600386
0.067769     -1.666858
0.026665     1.730097
s 8 1.00
13.477361     0.044286
10.366318     0.050856
4.451759     -0.712139
1.034535     3.410218
0.564680     -2.419355
0.301117     -1.067876
0.067769     1.860022
0.026665     -1.143686
p 7 1.00
7.675629     0.027362
5.900655     -0.084484
2.665766     -0.076649
2.044642     0.276402
0.918736     0.457956
0.421800     0.386995
0.176537     0.089635
p 7 1.00
7.675629     -0.006243
5.900655     0.048318
2.665766     0.507648
2.044642     -1.036016
0.918736     -0.312149
0.421800     0.190137
0.176537     0.856880
p 7 1.00
7.675629     -0.143357
5.900655     0.357390
2.665766     -0.230640
2.044642     -0.669554
0.918736     -0.480028
0.421800     2.213388
0.176537     -1.590456
p 7 1.00
7.675629     0.058709
5.900655     0.165904
2.665766     -0.848016
2.044642     -1.519120
0.918736     4.069132
0.421800     -3.376440
0.176537     1.237197
d 6 1.00
5.262963     0.040805
2.239047     0.180718
0.848828     0.299968
0.301758     0.306863
0.100864     0.372598
0.032751     0.268735
d 6 1.00
5.262963     0.038233
2.239047     0.386451
0.848828     0.541224
0.301758     -0.149400
0.100864     -0.398345
0.032751     -0.278415
d 6 1.00
5.262963     -0.005744
2.239047     -0.907685
0.848828     0.505431
0.301758     0.676700
0.100864     -0.408355
0.032751     -0.242543
s 1 1.00
0.026301     1.000000
p 1 1.00
0.027772     1.000000
d 1 1.00
0.053700     1.000000
f 1 1.00
0.150900     1.000000
