Cl 0
s 9 1.00
0.119944     0.148917
0.257348     0.503616
0.552157     0.523995
1.184691     0.013612
2.541836     -0.328846
5.453681     0.056309
11.701243     -0.001301
25.105812     -0.000294
53.866226     0.000076
s 1 1.00
0.185613     1.000000
s 1 1.00
0.991560     1.000000
p 9 1.00
0.074374     0.084925
0.155084     0.270658
0.323378     0.396022
0.674303     0.324325
1.406043     0.100661
2.931855     -0.069802
6.113450     -0.000951
12.747651     0.001501
26.581165     -0.000249
p 1 1.00
0.112268     1.000000
p 1 1.00
0.309583     1.000000
d 1 1.00
0.352357     1.000000
d 1 1.00
1.128796     1.000000
f 1 1.00
0.731999     1.000000
