Co 0
s 8 1.00
27.936522     -0.007474
14.938011     0.211936
9.769645     -0.533263
2.251871     0.534471
1.088580     0.536750
0.516218     0.148044
0.106962     0.006975
0.038033     0.001213
s 8 1.00
27.936522     -0.000439
14.938011     -0.040887
9.769645     0.123856
2.251871     -0.148786
1.088580     -0.279173
0.516218     -0.040667
0.106962     0.707853
0.038033     0.405219
s 8 1.00
27.936522     -0.033770
14.938011     0.003260
9.769645     0.314156
2.251871     -1.179802
1.088580     -0.118347
0.516218     1.122775
0.106962     0.645616
0.038033     -1.134673
s 8 1.00
27.936522     0.089581
14.938011     -0.217837
9.769645     -0.222945
2.251871     2.575928
1.088580     -2.608916
0.516218     -0.032275
0.106962     1.752589
0.038033     -1.413735
s 1 1.00
0.019000     1.000000
p 7 1.00
16.310172     0.017617
12.545701     -0.067242
4.409154     0.253781
2.172600     0.411786
1.075832     0.341583
0.516678     0.127173
0.205354     0.011320
p 7 1.00
16.310172     -0.013146
12.545701     0.059393
4.409154     -0.315138
2.172600     -0.308179
1.075832     0.062335
0.516678     0.340591
0.205354     0.413074
p 7 1.00
16.310172     0.018811
12.545701     -0.108632
4.409154     0.716760
2.172600     0.369047
1.075832     -0.842825
0.516678     -0.484736
0.205354     0.342593
p 7 1.00
16.310172     0.104869
12.545701     -0.044141
4.409154     -1.507678
2.172600     1.329327
1.075832     0.865088
0.516678     -1.274437
0.205354     -0.486830
p 1 1.00
0.100000     1.000000
d 6 1.00
11.521032     0.083231
5.442077     0.265686
2.289843     0.343942
0.941792     0.336784
0.366714     0.239213
0.129496     0.088039
d 6 1.00
11.521032     -0.093570
5.442077     -0.352010
2.289843     -0.326266
0.941792     0.155939
0.366714     0.494779
0.129496     0.346994
d 6 1.00
11.521032     -0.106734
5.442077     -0.533766
2.289843     0.015711
0.941792     0.816938
0.366714     -0.104448
0.129496     -0.595625
d 1 1.00
0.065000     1.000000
f 1 1.00
1.323864     1.000000
f 1 1.00
4.794396     1.000000
g 1 1.00
3.912260     1.000000
