Cr 0
s 8 1.00
20.873522     -0.018325
12.659846     0.201956
7.354468     -0.536231
1.649421     0.566443
0.787288     0.532355
0.374416     0.127019
0.091528     0.007694
0.033937     0.002901
s 8 1.00
20.873522     0.002335
12.659846     -0.045706
7.354468     0.140403
1.649421     -0.174037
0.787288     -0.303901
0.374416     -0.042007
0.091528     0.705589
0.033937     0.424512
s 8 1.00
20.873522     -0.036655
12.659846     -0.029926
7.354468     0.423092
1.649421     -1.499751
0.787288     0.165705
0.374416     1.210049
0.091528     0.386886
0.033937     -0.996321
s 8 1.00
20.873522     0.129840
12.659846     -0.235286
7.354468     -0.277227
1.649421     2.934469
0.787288     -3.649836
0.374416     0.800115
0.091528     1.697296
0.033937     -1.562651
s 1 1.00
0.017000     1.000000
p 7 1.00
18.121991     0.001927
7.510490     -0.101677
4.409955     0.147326
2.158933     0.363875
1.057519     0.420813
0.501316     0.223477
0.210059     0.031914
p 7 1.00
18.121991     -0.002319
7.510490     0.105040
4.409955     -0.185359
2.158933     -0.399926
1.057519     -0.132928
0.501316     0.338694
0.210059     0.261723
p 7 1.00
18.121991     0.004053
7.510490     -0.208320
4.409955     0.412232
2.158933     0.836587
1.057519     -0.523185
0.501316     -0.791625
0.210059     -0.067599
p 7 1.00
18.121991     -0.008795
7.510490     0.477214
4.409955     -1.520743
2.158933     0.051536
1.057519     1.847344
0.501316     -0.964678
0.210059     -1.210775
p 1 1.00
0.105000     1.000000
d 6 1.00
8.430220     0.074668
3.951450     0.244538
1.658641     0.337668
0.684856     0.347566
0.269935     0.255319
0.098084     0.093373
d 6 1.00
8.430220     -0.077497
3.951450     -0.344496
1.658641     -0.362186
0.684856     0.128854
0.269935     0.490414
0.098084     0.357756
d 6 1.00
8.430220     -0.065325
3.951450     -0.567648
1.658641     -0.038105
0.684856     0.873066
0.269935     -0.117794
0.098084     -0.597830
d 1 1.00
0.049000     1.000000
f 1 1.00
0.974828     1.000000
f 1 1.00
3.349661     1.000000
g 1 1.00
2.775762     1.000000
