F 0
s 9 1.00
0.172723     0.070240
0.364875     0.311088
0.770795     0.444675
1.628295     0.287011
3.439757     0.018759
7.266451     -0.128608
15.350300     0.009104
32.427348     0.000810
68.502433     -0.000133
s 1 1.00
2.289795     1.000000
s 1 1.00
0.327712     1.000000
p 9 1.00
0.101001     0.035321
0.204414     0.136924
0.413707     0.249353
0.837289     0.286620
1.694565     0.254541
3.429580     0.169572
6.941026     0.088542
14.047737     0.039843
28.430799     0.003378
p 1 1.00
0.243660     1.000000
p 1 1.00
0.804181     1.000000
d 1 1.00
0.900763     1.000000
d 1 1.00
3.297425     1.000000
f 1 1.00
1.859274     1.000000
