Ga 0
s 9 1.00
0.054628     0.253171
0.123743     0.598295
0.280299     0.356909
0.634926     -0.056544
1.438218     -0.411266
3.257814     0.156079
7.379514     -0.025142
16.715879     0.004089
37.864367     -0.000622
s 1 1.00
0.069703     1.000000
s 1 1.00
0.341994     1.000000
p 9 1.00
0.029207     0.759400
0.064420     -0.022059
0.142086     0.368252
0.313389     0.051142
0.691221     0.036655
1.524577     -0.078589
3.362652     0.017781
7.416764     -0.002498
16.358632     0.000386
p 1 1.00
0.027309     1.000000
p 1 1.00
0.064029     1.000000
d 1 1.00
0.105092     1.000000
d 1 1.00
0.266379     1.000000
f 1 1.00
0.297554     1.000000
