Ge 0
s 9 1.00
0.066287     0.213230
0.150128     0.605570
0.340013     0.413442
0.770064     -0.106356
1.744049     -0.364579
3.949940     0.127448
8.945864     -0.017166
20.260687     0.002454
45.886614     -0.000355
s 1 1.00
0.091049     1.000000
s 1 1.00
0.445676     1.000000
p 9 1.00
0.036511     0.098680
0.080524     0.372290
0.177593     0.443836
0.391677     0.232585
0.863832     0.000058
1.905157     -0.108282
4.201772     0.021894
9.266892     -0.001911
20.437873     0.000181
p 1 1.00
0.040412     1.000000
p 1 1.00
0.092450     1.000000
d 1 1.00
0.130147     1.000000
d 1 1.00
0.323826     1.000000
f 1 1.00
0.352814     1.000000
