H 0
s 6 1.00
6.359201     -0.004943
3.546637     0.049579
1.493442     0.037176
0.551948     0.287908
0.207203     0.009543
0.079234     0.770084
s 6 1.00
6.359201     -0.016672
3.546637     -0.005774
1.493442     -0.227982
0.551948     -0.285652
0.207203     -1.071579
0.079234     1.423767
s 6 1.00
6.359201     -0.018886
3.546637     -0.058854
1.493442     -0.556988
0.551948     -1.084022
0.207203     2.721525
0.079234     -1.458091
s 1 1.00
0.102700     1.000000
p 1 1.00
1.407000     1.000000
p 1 1.00
0.388000     1.000000
d 1 1.00
1.057000     1.000000
