He 0
s 6 1.00
14.724593     0.035459
5.876024     0.096816
2.184104     0.214521
0.859307     0.340033
0.346900     0.349025
0.140004     0.133138
s 6 1.00
14.724593     -0.057627
5.876024     -0.205015
2.184104     -0.625120
0.859307     -0.249861
0.346900     0.718294
0.140004     0.368902
s 6 1.00
14.724593     -0.104628
5.876024     -0.758661
2.184104     -0.418641
0.859307     1.932151
0.346900     -0.644297
0.140004     -0.560811
s 1 1.00
0.297600     1.000000
p 1 1.00
0.758000     1.000000
p 1 1.00
3.044000     1.000000
d 1 1.00
1.965000     1.000000
