K 0
s 8 1.00
12.069048     -0.070763
9.279420     0.193428
3.843824     -0.493653
0.980495     0.365802
0.507987     0.597102
0.235140     0.269210
0.038580     0.004569
0.016566     -0.001158
s 8 1.00
12.069048     0.013322
9.279420     -0.039190
3.843824     0.111796
0.980495     -0.089775
0.507987     -0.205832
0.235140     -0.178814
0.038580     0.722698
0.016566     0.404078
s 8 1.00
12.069048     -0.070942
9.279420     0.237264
3.843824     -0.832982
0.980495     2.382744
0.507987     -0.673282
0.235140     -1.321024
0.038580     0.256722
0.016566     0.200108
s 8 1.00
12.069048     -0.676705
9.279420     0.981397
3.843824     0.157663
0.980495     -4.793247
0.507987     7.530417
0.235140     -3.931210
0.038580     0.344567
0.016566     0.214648
p 7 1.00
7.064005     0.026186
5.416953     -0.071147
2.711517     -0.143338
2.078824     0.267792
0.854092     0.438107
0.374019     0.435410
0.154283     0.129704
p 7 1.00
7.064005     -0.020278
5.416953     0.058346
2.711517     0.636570
2.078824     -1.049953
0.854092     -0.752403
0.374019     0.731023
0.154283     0.490763
p 7 1.00
7.064005     0.056535
5.416953     -0.182992
2.711517     -0.820658
2.078824     2.129538
0.854092     -0.701656
0.374019     -1.213006
0.154283     1.325680
p 7 1.00
7.064005     -0.052045
5.416953     0.351154
2.711517     -0.198625
2.078824     -2.045908
0.854092     3.768536
0.374019     -3.432447
0.154283     1.536047
d 6 1.00
2.800270     0.032813
0.814743     0.081949
0.214162     0.087435
0.052469     0.259192
0.016177     0.660947
0.005297     0.221836
d 6 1.00
2.800270     0.280064
0.814743     0.749156
0.214162     0.132601
0.052469     -0.071315
0.016177     -0.117915
0.005297     -0.046267
d 6 1.00
2.800270     -0.692360
0.814743     0.054140
0.214162     0.860364
0.052469     -0.224203
0.016177     -0.015374
0.005297     -0.066302
s 1 1.00
0.018206     1.000000
p 1 1.00
0.174519     1.000000
d 1 1.00
0.070000     1.000000
f 1 1.00
0.090000     1.000000
