Kr 0
s 9 1.00
0.129911     0.183453
0.282220     0.596016
0.613098     0.506410
1.331901     -0.150926
2.893437     -0.423611
6.285735     0.162644
13.655203     -0.023284
29.664719     0.003157
64.443973     -0.000422
s 1 1.00
0.179349     1.000000
s 1 1.00
0.755436     1.000000
p 9 1.00
0.079314     0.096705
0.167216     0.312567
0.352539     0.448237
0.743252     0.298640
1.566988     -0.003641
3.303659     -0.138798
6.965055     0.029989
14.684325     -0.002578
30.958748     0.000205
p 1 1.00
0.094685     1.000000
p 1 1.00
0.189991     1.000000
d 1 1.00
0.279731     1.000000
d 1 1.00
0.675347     1.000000
f 1 1.00
0.685639     1.000000
