Mg 0
s 6 1.00
1.478260     0.044288
0.730245     -0.302453
0.310223     0.115083
0.092031     0.665354
0.043335     0.341308
0.019667     0.055695
s 6 1.00
1.478260     0.125665
0.730245     -0.856674
0.310223     1.205157
0.092031     1.223081
0.043335     -1.734563
0.019667     0.022266
s 6 1.00
1.478260     0.008241
0.730245     -1.118360
0.310223     3.295080
0.092031     -4.237659
0.043335     2.590640
0.019667     -0.070145
p 6 1.00
1.152482     -0.033073
0.480621     -0.143375
0.284194     0.316043
0.114904     0.557585
0.060492     0.303614
0.018183     0.021914
p 6 1.00
1.152482     -0.091813
0.480621     -0.493346
0.284194     1.772705
0.114904     -0.358226
0.060492     -0.751459
0.018183     -0.035985
s 1 1.00
0.039990     1.000000
d 1 1.00
0.187000     1.000000
