Mn 0
s 8 1.00
23.645068     -0.014659
13.462029     0.223661
8.212629     -0.564535
1.859943     0.554600
0.889754     0.534536
0.422560     0.142766
0.097455     0.004770
0.035595     0.000441
s 8 1.00
23.645068     0.001613
13.462029     -0.047599
8.212629     0.136570
1.859943     -0.160624
0.889754     -0.264489
0.422560     -0.060593
0.097455     0.633136
0.035595     0.490003
s 8 1.00
23.645068     -0.040623
13.462029     -0.045716
8.212629     0.504797
1.859943     -1.831860
0.889754     0.491612
0.422560     1.193469
0.097455     0.124452
0.035595     -0.716669
s 8 1.00
23.645068     0.162229
13.462029     -0.409782
8.212629     -0.089043
1.859943     3.105762
0.889754     -4.484535
0.422560     1.708160
0.097455     1.307897
0.035595     -1.490146
s 1 1.00
0.018000     1.000000
p 7 1.00
17.803317     0.003171
8.834995     -0.080060
4.161340     0.185735
2.129196     0.375367
1.063713     0.388624
0.510141     0.192450
0.211302     0.026146
p 7 1.00
17.803317     -0.004080
8.834995     0.117011
4.161340     -0.361627
2.129196     -0.563508
1.063713     0.102395
0.510141     0.571356
0.211302     0.310046
p 7 1.00
17.803317     0.005030
8.834995     -0.156795
4.161340     0.602679
2.129196     0.513609
1.063713     -0.908215
0.510141     -0.418146
0.211302     0.371296
p 7 1.00
17.803317     0.014899
8.834995     0.225576
4.161340     -1.784375
2.129196     1.175073
1.063713     1.191127
0.510141     -1.327791
0.211302     -0.567365
p 1 1.00
0.105000     1.000000
d 6 1.00
9.253736     0.076285
4.363016     0.247722
1.834821     0.330050
0.756118     0.334518
0.296092     0.263545
0.106125     0.118241
d 6 1.00
9.253736     -0.085874
4.363016     -0.354436
1.834821     -0.361447
0.756118     0.126629
0.296092     0.481402
0.106125     0.347897
d 6 1.00
9.253736     -0.091633
4.363016     -0.585058
1.834821     0.047403
0.756118     0.839531
0.296092     -0.138765
0.106125     -0.544890
d 1 1.00
0.050000     1.000000
f 1 1.00
1.099800     1.000000
f 1 1.00
3.815756     1.000000
g 1 1.00
3.070103     1.000000
