N 0
s 9 1.00
0.098869     0.067266
0.211443     0.334290
0.452197     0.454257
0.967080     0.267861
2.068221     0.000248
4.423150     -0.132606
9.459462     0.014437
20.230246     0.000359
43.264919     -0.000094
s 1 1.00
1.202183     1.000000
s 1 1.00
0.163243     1.000000
p 9 1.00
0.073234     0.035758
0.145867     0.153945
0.290535     0.277656
0.578683     0.297676
1.152612     0.234403
2.295756     0.140321
4.572652     0.067219
9.107739     0.031594
18.140657     0.003301
p 1 1.00
0.170104     1.000000
p 1 1.00
0.517547     1.000000
d 1 1.00
0.483567     1.000000
d 1 1.00
1.712416     1.000000
f 1 1.00
1.093097     1.000000
