Na 0
s 6 1.00
1.478260     0.016543
0.730245     -0.070302
0.310223     -0.112523
0.092031     0.249490
0.043335     -0.049536
0.019667     0.919011
s 6 1.00
1.478260     0.047476
0.730245     -0.203137
0.310223     -0.054702
0.092031     0.305867
0.043335     1.913205
0.019667     -1.942172
s 6 1.00
1.478260     -0.141159
0.730245     0.624950
0.310223     -0.305184
0.092031     -3.427996
0.043335     5.157414
0.019667     -2.323563
p 6 1.00
1.191176     0.008098
0.688275     -0.046550
0.158308     -0.009617
0.094423     0.244709
0.036269     0.617743
0.014748     0.251068
p 6 1.00
1.191176     0.040009
0.688275     -0.174299
0.158308     0.297309
0.094423     1.054921
0.036269     -0.693321
0.014748     -0.360859
d 1 1.00
0.097300     1.000000
