Ni 0
s 8 1.00
30.258290     -0.006754
15.329562     0.285782
10.827340     -0.617275
2.529540     0.528687
1.212611     0.546651
0.569930     0.153300
0.111595     0.006357
0.039214     0.000559
s 8 1.00
30.258290     -0.000711
15.329562     -0.052825
10.827340     0.134235
2.529540     -0.135340
1.212611     -0.276025
0.569930     -0.041762
0.111595     0.712058
0.039214     0.395186
s 8 1.00
30.258290     -0.028867
15.329562     -0.026894
10.827340     0.325312
2.529540     -1.017838
1.212611     -0.263044
0.569930     1.078192
0.111595     0.768498
0.039214     -1.218367
s 8 1.00
30.258290     0.077232
15.329562     -0.172441
10.827340     -0.285653
2.529540     2.483551
1.212611     -2.236910
0.569930     -0.309581
0.111595     1.731936
0.039214     -1.354586
p 7 1.00
17.542947     0.018554
13.493407     -0.069837
4.676387     0.282703
2.262485     0.422489
1.104951     0.325854
0.524422     0.107669
0.201013     0.008076
p 7 1.00
17.542947     -0.010625
13.493407     0.056656
4.676387     -0.349026
2.262485     -0.282173
1.104951     0.094042
0.524422     0.364373
0.201013     0.428117
p 7 1.00
17.542947     0.009328
13.493407     -0.094785
4.676387     0.767269
2.262485     0.264838
1.104951     -0.879272
0.524422     -0.391378
0.201013     0.416768
p 7 1.00
17.542947     -0.142759
13.493407     0.103869
4.676387     1.485555
2.262485     -1.470537
1.104951     -0.668792
0.524422     1.308684
0.201013     0.316027
p 1 1.00
0.100000     1.000000
d 6 1.00
12.226319     0.083677
5.865728     0.274473
2.498731     0.342297
1.032777     0.331910
0.402547     0.234937
0.141517     0.086590
d 6 1.00
12.226319     -0.097977
5.865728     -0.364843
2.498731     -0.311735
1.032777     0.173709
0.402547     0.495418
0.141517     0.335459
d 6 1.00
12.226319     -0.112487
5.865728     -0.533716
2.498731     0.049232
1.032777     0.800619
0.402547     -0.113290
0.141517     -0.599733
d 1 1.00
0.070000     1.000000
f 1 1.00
1.467198     1.000000
f 1 1.00
5.312151     1.000000
g 1 1.00
4.394273     1.000000
