P 0
s 9 1.00
0.074718     0.140225
0.160834     0.506746
0.346202     0.499893
0.745215     0.037301
1.604109     -0.284591
3.452917     0.024766
7.432561     0.001798
15.998924     -0.000314
34.438408     0.000088
s 1 1.00
0.115288     1.000000
s 1 1.00
0.646066     1.000000
p 9 1.00
0.050242     0.072095
0.102391     0.278735
0.208669     0.411034
0.425256     0.304724
0.866651     0.091727
1.766191     -0.057060
3.599410     -0.005103
7.335418     0.000328
14.949217     -0.000046
p 1 1.00
0.076568     1.000000
p 1 1.00
0.200301     1.000000
d 1 1.00
0.234543     1.000000
d 1 1.00
0.753299     1.000000
f 1 1.00
0.468762     1.000000
