S 0
s 9 1.00
0.095120     0.140074
0.202385     0.490942
0.430611     0.515297
0.916203     0.050320
1.949388     -0.298908
4.147674     0.019827
8.824926     0.007266
18.776623     -0.001602
39.950656     0.000271
s 1 1.00
0.146642     1.000000
s 1 1.00
0.792025     1.000000
p 9 1.00
0.057087     0.081938
0.115901     0.251826
0.235305     0.376344
0.477723     0.320902
0.969889     0.143779
1.969099     -0.045543
3.997726     -0.017191
8.116307     0.002580
16.477979     -0.000222
p 1 1.00
0.088694     1.000000
p 1 1.00
0.247967     1.000000
d 1 1.00
0.292889     1.000000
d 1 1.00
0.950659     1.000000
f 1 1.00
0.573218     1.000000
