Sc 0
s 8 1.00
14.340060     -0.078031
11.030816     0.229159
4.956052     -0.556010
1.248420     0.513414
0.625736     0.556322
0.308962     0.184934
0.068006     0.010551
0.026968     0.000963
s 8 1.00
14.340060     0.015177
11.030816     -0.051889
4.956052     0.149051
1.248420     -0.139407
0.625736     -0.321755
0.308962     -0.099731
0.068006     0.761949
0.026968     0.371138
s 8 1.00
14.340060     0.003597
11.030816     -0.098568
4.956052     0.506582
1.248420     -1.247846
0.625736     -0.404928
0.308962     1.402576
0.068006     0.684129
0.026968     -1.278781
s 8 1.00
14.340060     0.079407
11.030816     -0.000908
4.956052     -0.688282
1.248420     3.365983
0.625736     -3.459386
0.308962     0.232684
0.068006     2.050467
0.026968     -1.871192
s 1 1.00
0.013500     1.000000
p 7 1.00
8.073316     0.035772
6.208610     -0.112134
2.639156     -0.017985
2.025978     0.305032
0.948129     0.463364
0.437784     0.333596
0.182729     0.065347
p 7 1.00
8.073316     -0.040371
6.208610     0.118321
2.639156     -0.017375
2.025978     -0.338425
0.948129     -0.383677
0.437784     0.290556
0.182729     0.203590
p 7 1.00
8.073316     -0.055793
6.208610     0.190050
2.639156     0.164316
2.025978     -1.133656
0.948129     -0.037341
0.437784     1.022948
0.182729     0.378815
p 7 1.00
8.073316     -0.081070
6.208610     0.378559
2.639156     -1.343150
2.025978     -0.455800
0.948129     2.060607
0.437784     -0.266049
0.182729     -1.762004
p 1 1.00
0.090000     1.000000
d 6 1.00
5.791447     0.045257
2.648100     0.200610
1.104076     0.305670
0.436301     0.356715
0.162724     0.323528
0.056842     0.149427
d 6 1.00
5.791447     -0.033400
2.648100     -0.332413
1.104076     -0.461114
0.436301     0.070362
0.162724     0.460141
0.056842     0.360392
d 6 1.00
5.791447     0.018690
2.648100     -0.556953
1.104076     -0.168370
0.436301     0.895198
0.162724     -0.048136
0.056842     -0.615407
d 1 1.00
0.028000     1.000000
f 1 1.00
0.654700     1.000000
f 1 1.00
2.117017     1.000000
g 1 1.00
1.892014     1.000000
