Se 0
s 9 1.00
0.096883     0.200965
0.217674     0.615093
0.489067     0.462636
1.098828     -0.204179
2.468828     -0.307584
5.546920     0.109895
12.462726     -0.012288
28.001040     0.001205
62.912258     -0.000132
s 1 1.00
0.130387     1.000000
s 1 1.00
0.584755     1.000000
p 9 1.00
0.056147     0.073504
0.122259     0.334692
0.266220     0.473323
0.579694     0.276571
1.262286     -0.032356
2.748631     -0.103709
5.985152     0.020181
13.032685     -0.001095
28.378708     0.000019
p 1 1.00
0.069683     1.000000
p 1 1.00
0.141231     1.000000
d 1 1.00
0.195235     1.000000
d 1 1.00
0.471051     1.000000
f 1 1.00
0.466246     1.000000
