Si 0
s 9 1.00
0.059887     0.167492
0.130108     0.532550
0.282668     0.464290
0.614115     -0.002322
1.334205     -0.268234
2.898645     0.031921
6.297493     -0.000106
13.681707     -0.000145
29.724387     0.000067
s 1 1.00
0.090113     1.000000
s 1 1.00
0.507467     1.000000
p 9 1.00
0.036525     0.078761
0.076137     0.308331
0.158712     0.417773
0.330843     0.281676
0.689658     0.069876
1.437625     -0.056306
2.996797     0.000744
6.246966     -0.000259
13.022097     -0.000022
p 1 1.00
0.056148     1.000000
p 1 1.00
0.146758     1.000000
d 1 1.00
0.170395     1.000000
d 1 1.00
0.539756     1.000000
f 1 1.00
0.352999     1.000000
