Ti 0
s 8 1.00
15.219933     -0.073265
11.699608     0.235541
5.687890     -0.550536
1.336288     0.594155
0.624474     0.540870
0.295808     0.112045
0.076436     0.007476
0.029425     0.002550
s 8 1.00
15.219933     0.013450
11.699608     -0.052264
5.687890     0.146213
1.336288     -0.175669
0.624474     -0.328641
0.295808     -0.040926
0.076436     0.732596
0.029425     0.402040
s 8 1.00
15.219933     -0.031752
11.699608     -0.047623
5.687890     0.467057
1.336288     -1.441960
0.624474     0.064029
0.295808     1.247941
0.076436     0.439242
0.029425     -1.071834
s 8 1.00
15.219933     0.218320
11.699608     -0.247574
5.687890     -0.446350
1.336288     3.082414
0.624474     -3.762793
0.295808     0.834080
0.076436     1.745087
0.029425     -1.609358
s 1 1.00
0.015000     1.000000
p 7 1.00
10.379118     0.020139
7.983937     -0.041713
6.141490     -0.055348
2.303689     0.302880
1.071753     0.469056
0.489880     0.321537
0.203240     0.059823
p 7 1.00
10.379118     -0.026727
7.983937     0.062910
6.141490     0.030277
2.303689     -0.360398
1.071753     -0.351747
0.489880     0.285495
0.203240     0.209200
p 7 1.00
10.379118     -0.027196
7.983937     0.046963
6.141490     0.132917
2.303689     -0.967489
1.071753     -0.049570
0.489880     1.032371
0.203240     0.339639
p 7 1.00
10.379118     -0.454481
7.983937     1.483150
6.141490     -1.151116
2.303689     -1.513356
1.071753     2.250354
0.489880     -0.353750
0.203240     -1.724932
d 6 1.00
6.490086     0.059096
2.981939     0.226612
1.253123     0.323168
0.508429     0.354961
0.196258     0.285475
0.070470     0.114711
d 6 1.00
6.490086     -0.050402
2.981939     -0.335530
1.253123     -0.400756
0.508429     0.083919
0.196258     0.478069
0.070470     0.376742
d 6 1.00
6.490086     -0.013220
2.981939     -0.584162
1.253123     -0.113546
0.508429     0.898000
0.196258     -0.079932
0.070470     -0.602523
d 1 1.00
0.035000     1.000000
f 1 1.00
0.733934     1.000000
f 1 1.00
2.460591     1.000000
g 1 1.00
2.176722     1.000000
p 1 1.00
0.100000     1.000000
