V 0
s 8 1.00
18.360298     -0.023212
11.577461     0.200288
6.390046     -0.554320
1.528787     0.565283
0.728830     0.543474
0.349741     0.134989
0.084685     0.008039
0.031952     0.002293
s 8 1.00
18.360298     0.002873
11.577461     -0.043911
6.390046     0.144148
1.528787     -0.165823
0.728830     -0.313756
0.349741     -0.055699
0.084685     0.717312
0.031952     0.416763
s 8 1.00
18.360298     -0.031819
11.577461     -0.046029
6.390046     0.462693
1.528787     -1.442433
0.728830     -0.000277
0.349741     1.287516
0.084685     0.431527
0.031952     -1.042715
s 8 1.00
18.360298     0.122350
11.577461     -0.172159
6.390046     -0.404415
1.528787     3.033929
0.728830     -3.605592
0.349741     0.680494
0.084685     1.789742
0.031952     -1.637100
s 1 1.00
0.016000     1.000000
p 7 1.00
13.883264     0.003648
6.174000     -0.175046
4.772897     0.155473
2.182411     0.346594
1.049492     0.443410
0.492680     0.263803
0.206309     0.042826
p 7 1.00
13.883264     -0.004258
6.174000     0.186132
4.772897     -0.192145
2.182411     -0.384477
1.049492     -0.232167
0.492680     0.303537
0.206309     0.264620
p 7 1.00
13.883264     0.007159
6.174000     -0.382858
4.772897     0.418004
2.182411     0.934866
1.049492     -0.287782
0.492680     -0.927823
0.206309     -0.149248
p 7 1.00
13.883264     -0.029428
6.174000     1.279254
4.772897     -1.988262
2.182411     -0.569290
1.049492     2.090593
0.492680     -0.734301
0.206309     -1.405388
p 1 1.00
0.100000     1.000000
d 6 1.00
7.384196     0.067593
3.350355     0.246802
1.398721     0.336404
0.571472     0.349348
0.223722     0.260107
0.081466     0.096334
d 6 1.00
7.384196     -0.063942
3.350355     -0.348023
1.398721     -0.366609
0.571472     0.116939
0.223722     0.488920
0.081466     0.364762
d 6 1.00
7.384196     -0.044709
3.350355     -0.597343
1.398721     -0.033960
0.571472     0.882317
0.223722     -0.129939
0.081466     -0.587769
d 1 1.00
0.040000     1.000000
f 1 1.00
0.850084     1.000000
f 1 1.00
2.890823     1.000000
g 1 1.00
2.417118     1.000000
