Zn 0
s 8 1.00
22.307721     -0.035476
17.159785     0.368381
13.199835     -0.613613
2.677376     0.613159
1.184813     0.520106
0.467852     0.064820
0.148337     -0.003007
0.051068     0.002372
s 8 1.00
22.307721     -0.005048
17.159785     -0.052386
13.199835     0.128796
2.677376     -0.195106
1.184813     -0.277562
0.467852     -0.006175
0.148337     0.714318
0.051068     0.425003
s 8 1.00
22.307721     0.215443
17.159785     -0.424470
13.199835     0.062047
2.677376     0.883307
1.184813     -0.198460
0.467852     -0.488003
0.148337     -0.980381
0.051068     1.126140
s 8 1.00
22.307721     0.787030
17.159785     -1.868246
13.199835     0.890400
2.677376     2.170779
1.184813     -2.194257
0.467852     -0.370226
0.148337     1.610223
0.051068     -0.780105
s 1 1.00
0.025000     1.000000
p 7 1.00
21.442521     0.015147
16.493675     -0.059821
5.884905     0.248797
2.911305     0.405926
1.449559     0.344426
0.699905     0.132627
0.276113     0.011440
p 7 1.00
21.442521     -0.008913
16.493675     0.056732
5.884905     -0.378364
2.911305     -0.323737
1.449559     0.120265
0.699905     0.390628
0.276113     0.317217
p 7 1.00
21.442521     0.002837
16.493675     -0.076615
5.884905     0.684701
2.911305     0.341587
1.449559     -0.832886
0.699905     -0.415762
0.276113     0.243662
p 7 1.00
21.442521     0.122936
16.493675     -0.075150
5.884905     -1.440238
2.911305     1.250002
1.449559     0.855954
0.699905     -1.113359
0.276113     -0.781070
p 1 1.00
0.140000     1.000000
d 6 1.00
16.423495     0.069648
8.076103     0.254450
3.561545     0.331895
1.522508     0.336792
0.618350     0.249702
0.226736     0.092431
d 6 1.00
16.423495     -0.096634
8.076103     -0.394295
3.561545     -0.368146
1.522508     0.225925
0.618350     0.518695
0.226736     0.251161
d 6 1.00
16.423495     -0.091934
8.076103     -0.582693
3.561545     0.115688
1.522508     0.873563
0.618350     -0.287109
0.226736     -0.552124
d 1 1.00
0.114000     1.000000
f 1 1.00
1.898865     1.000000
f 1 1.00
6.762493     1.000000
g 1 1.00
5.417927     1.000000
