s,Cu,27.846787,21.420605,10.537250,2.535596,1.249684,0.599846,0.115508,0.040127;
c,1.8,-0.019337,0.088614,-0.355859,0.538088,0.511137,0.147640,0.005905,0.000168;
c,1.8,-0.002653,-0.007542,0.079756,-0.155301,-0.253078,-0.028168,0.712360,0.388847;
c,1.8,-0.108225,0.155097,0.156606,-1.025066,-0.115985,0.963662,0.819969,-1.230596;
c,1.8,0.308358,-0.499172,-0.075195,2.516321,-2.492951,-0.137030,1.613150,-1.236465;

s,Cu,0.020000;

p,Cu,18.594006,14.303011,5.631420,2.683011,1.258573,0.574084,0.209230;
c,1.7,0.003652,-0.037076,0.217120,0.440973,0.358723,0.114846,0.007316;
c,1.7,-0.005212,0.047110,-0.332863,-0.357365,0.140341,0.398939,0.415033;
c,1.7,0.004617,-0.078992,0.652499,0.379411,-0.901852,-0.351232,0.465721;
c,1.7,-0.097012,0.041139,1.373807,-1.146739,-0.893878,1.379927,0.241322;

p,Cu,0.105000;

d,Cu,15.787287,7.203213,2.973606,1.207024,0.464046,0.161015;
c,1.6,0.084222,0.255433,0.349966,0.341672,0.241697,0.092583;
c,1.6,-0.103533,-0.358095,-0.347318,0.199302,0.494175,0.341900;
c,1.6,0.107244,0.497247,0.016638,-0.888579,0.062604,0.701567;

d,Cu,0.800000;

f,Cu,1.692330;
f,Cu,6.061546;

g,Cu,4.663832;
