s,Ni,30.258290,15.329562,10.827340,2.529540,1.212611,0.569930,0.111595,0.039214;
c,1.8,-0.006754,0.285782,-0.617275,0.528687,0.546651,0.153300,0.006357,0.000559;
c,1.8,-0.000711,-0.052825,0.134235,-0.135340,-0.276025,-0.041762,0.712058,0.395186;
c,1.8,-0.028867,-0.026894,0.325312,-1.017838,-0.263044,1.078192,0.768498,-1.218367;
c,1.8,0.077232,-0.172441,-0.285653,2.483551,-2.236910,-0.309581,1.731936,-1.354586;


p,Ni,17.542947,13.493407,4.676387,2.262485,1.104951,0.524422,0.201013;
c,1.7,0.018554,-0.069837,0.282703,0.422489,0.325854,0.107669,0.008076;
c,1.7,-0.010625,0.056656,-0.349026,-0.282173,0.094042,0.364373,0.428117;
c,1.7,0.009328,-0.094785,0.767269,0.264838,-0.879272,-0.391378,0.416768;
c,1.7,-0.142759,0.103869,1.485555,-1.470537,-0.668792,1.308684,0.316027;

p,Ni,0.100000;

d,Ni,12.226319,5.865728,2.498731,1.032777,0.402547,0.141517;
c,1.6,0.083677,0.274473,0.342297,0.331910,0.234937,0.086590;
c,1.6,-0.097977,-0.364843,-0.311735,0.173709,0.495418,0.335459;
c,1.6,-0.112487,-0.533716,0.049232,0.800619,-0.113290,-0.599733;

d,Ni,0.070000;

f,Ni,1.467198;
f,Ni,5.312151;

g,Ni,4.394273;
