Cu s
27.846787 -0.019337
21.420605 0.088614
10.537250 -0.355859
2.535596 0.538088
1.249684 0.511137
0.599846 0.147640
0.115508 0.005905
0.040127 0.000168
Cu s
27.846787 -0.002653
21.420605 -0.007542
10.537250 0.079756
2.535596 -0.155301
1.249684 -0.253078
0.599846 -0.028168
0.115508 0.712360
0.040127 0.388847
Cu s
27.846787 -0.108225
21.420605 0.155097
10.537250 0.156606
2.535596 -1.025066
1.249684 -0.115985
0.599846 0.963662
0.115508 0.819969
0.040127 -1.230596
Cu s
27.846787 0.308358
21.420605 -0.499172
10.537250 -0.075195
2.535596 2.516321
1.249684 -2.492951
0.599846 -0.137030
0.115508 1.613150
0.040127 -1.236465
Cu s
0.020000 1.000000
Cu p
18.594006 0.003652
14.303011 -0.037076
5.631420 0.217120
2.683011 0.440973
1.258573 0.358723
0.574084 0.114846
0.209230 0.007316
Cu p
18.594006 -0.005212
14.303011 0.047110
5.631420 -0.332863
2.683011 -0.357365
1.258573 0.140341
0.574084 0.398939
0.209230 0.415033
Cu p
18.594006 0.004617
14.303011 -0.078992
5.631420 0.652499
2.683011 0.379411
1.258573 -0.901852
0.574084 -0.351232
0.209230 0.465721
Cu p
18.594006 -0.097012
14.303011 0.041139
5.631420 1.373807
2.683011 -1.146739
1.258573 -0.893878
0.574084 1.379927
0.209230 0.241322
Cu p
0.105000 1.000000
Cu d
15.787287 0.084222
7.203213 0.255433
2.973606 0.349966
1.207024 0.341672
0.464046 0.241697
0.161015 0.092583
Cu d
15.787287 -0.103533
7.203213 -0.358095
2.973606 -0.347318
1.207024 0.199302
0.464046 0.494175
0.161015 0.341900
Cu d
15.787287 0.107244
7.203213 0.497247
2.973606 0.016638
1.207024 -0.888579
0.464046 0.062604
0.161015 0.701567
Cu d
0.800000 1.000000
Cu f
1.692330 1.000000
Cu f
6.061546 1.000000
Cu g
4.663832 1.000000
