# of total, up-spin and dn-spin electrons=  30  15   0

Original positions and ones modulo 2pi
 1   0.0050   0.0050
 2   0.7738   0.7738
 3   1.8229   1.8229
 4   5.4865   5.4865
 5   2.0418   2.0418
 6   2.0445   2.0445
 7   2.0559   2.0559
 8   2.0689   2.0689
 9   2.0443   2.0443
10   2.0688   2.0688
11   2.0695   2.0695
12   2.4121   2.4121
13   2.6561   2.6561
14   2.6616   2.6616
15   2.9526   2.9526
16   2.9949   2.9949
17   3.3558   3.3558
18   3.3370   3.3370
19   3.5829   3.5829
20   3.6010   3.6010
21   4.1084   4.1084
22   4.0970   4.0970
23   4.2222   4.2222
24   4.1142   4.1142
25   4.2326   4.2326
26   4.1789   4.1789
27   4.2647   4.2647
28   4.2171   4.2171
29   4.5820   4.5820
30   3.0873   3.0873
 0.00499280 0.77376287 1.82289343 5.48647703 2.04179057 2.04451535 2.05591666 2.06893342 2.04432485 2.06880326 2.06946903 2.41209761 2.65610659 2.66156103 2.95256783 2.99488031 3.35576131 3.33698632 3.58289312 3.60096572 4.10839565 4.09701877 4.22215545 4.11423328 4.23262139 4.17889367 4.26472652 4.21706972 4.58204827 3.08727297

Positions sorted separately for up and down
 1   0.0050
 2   0.7738
 3   1.8229
 4   2.0418
 5   2.0443
 6   2.0445
 7   2.0559
 8   2.0688
 9   2.0689
10   2.0695
11   2.4121
12   2.6561
13   2.6616
14   2.9526
15   5.4865
16   2.9949
17   3.0873
18   3.3370
19   3.3558
20   3.5829
21   3.6010
22   4.0970
23   4.1084
24   4.1142
25   4.1789
26   4.2171
27   4.2222
28   4.2326
29   4.2647
30   4.5820
 0.00499280 0.77376287 1.82289343 2.04179057 2.04432485 2.04451535 2.05591666 2.06880326 2.06893342 2.06946903 2.41209761 2.65610659 2.66156103 2.95256783 5.48647703 2.99488031 3.08727297 3.33698632 3.35576131 3.58289312 3.60096572 4.09701877 4.10839565 4.11423328 4.17889367 4.21706972 4.22215545 4.23262139 4.26472652 4.58204827

Positions sorted for all electrons
 1   0.0050
 2   0.7738
 3   1.8229
 4   2.0418
 5   2.0443
 6   2.0445
 7   2.0559
 8   2.0688
 9   2.0689
10   2.0695
11   2.4121
12   2.6561
13   2.6616
14   2.9526
15   2.9949
16   3.0873
17   3.3370
18   3.3558
19   3.5829
20   3.6010
21   4.0970
22   4.1084
23   4.1142
24   4.1789
25   4.2171
26   4.2222
27   4.2326
28   4.2647
29   4.5820
30   5.4865
 0.00499280 0.77376287 1.82289343 2.04179057 2.04432485 2.04451535 2.05591666 2.06880326 2.06893342 2.06946903 2.41209761 2.65610659 2.66156103 2.95256783 2.99488031 3.08727297 3.33698632 3.35576131 3.58289312 3.60096572 4.09701877 4.10839565 4.11423328 4.17889367 4.21706972 4.22215545 4.23262139 4.26472652 4.58204827 5.48647703

Odd sorted positions followed by even sorted positions
 0.00499280 1.82289343 2.04432485 2.05591666 2.06893342 2.41209761 2.66156103 2.99488031 3.33698632 3.58289312 4.09701877 4.11423328 4.21706972 4.23262139 4.58204827 0.77376287 2.04179057 2.04451535 2.06880326 2.06946903 2.65610659 2.95256783 3.08727297 3.35576131 3.60096572 4.10839565 4.17889367 4.22215545 4.26472652 5.48647703

Symetrized positions sorted for all electrons
 0.00000000 0.78523557 1.76201523 2.03012468 2.04744438 2.05277260 2.06101612 2.08654745 2.11894272 2.12212934 2.29913207 2.66916309 2.68092661 2.93999591 2.97053965 3.14159265 3.31264566 3.34318939 3.60225870 3.61402222 3.98405323 4.16105596 4.16424258 4.19663786 4.22216918 4.23041270 4.23574092 4.25306063 4.52117007 5.49794973

Symmetrized odd sorted positions followed by even sorted positions
 0.00000000 1.76201523 2.04744438 2.06101612 2.11894272 2.29913207 2.68092661 2.97053965 3.31264566 3.60225870 3.98405323 4.16424258 4.22216918 4.23574092 4.52117007 0.78523557 2.03012468 2.05277260 2.08654745 2.12212934 2.66916309 2.93999591 3.14159265 3.34318939 3.61402222 4.16105596 4.19663786 4.23041270 4.25306063 5.49794973

Antiferromag. even spacing if the nup up-spin electrons are in the first nup orbs
 1   0.0000
 2   0.4189
 3   0.8378
 4   1.2566
 5   1.6755
 6   2.0944
 7   2.5133
 8   2.9322
 9   3.3510
10   3.7699
11   4.1888
12   4.6077
13   5.0265
14   5.4454
15   5.8643
16   0.2094
17   0.6283
18   1.0472
19   1.4661
20   1.8850
21   2.3038
22   2.7227
23   3.1416
24   3.5605
25   3.9794
26   4.3982
27   4.8171
28   5.2360
29   5.6549
30   6.0737
 0.00000000 0.41887902 0.83775804 1.25663706 1.67551608 2.09439510 2.51327412 2.93215314 3.35103216 3.76991118 4.18879020 4.60766923 5.02654825 5.44542727 5.86430629 0.20943951 0.62831853 1.04719755 1.46607657 1.88495559 2.30383461 2.72271363 3.14159265 3.56047167 3.97935069 4.39822972 4.81710874 5.23598776 5.65486678 6.07374580

Antiferromag. even spacing if the nup up-spin electrons are in the odd orbs
 1   0.0000
 2   0.2094
 3   0.4189
 4   0.6283
 5   0.8378
 6   1.0472
 7   1.2566
 8   1.4661
 9   1.6755
10   1.8850
11   2.0944
12   2.3038
13   2.5133
14   2.7227
15   2.9322
16   3.1416
17   3.3510
18   3.5605
19   3.7699
20   3.9794
21   4.1888
22   4.3982
23   4.6077
24   4.8171
25   5.0265
26   5.2360
27   5.4454
28   5.6549
29   5.8643
30   6.0737
 0.00000000 0.20943951 0.41887902 0.62831853 0.83775804 1.04719755 1.25663706 1.46607657 1.67551608 1.88495559 2.09439510 2.30383461 2.51327412 2.72271363 2.93215314 3.14159265 3.35103216 3.56047167 3.76991118 3.97935069 4.18879020 4.39822972 4.60766923 4.81710874 5.02654825 5.23598776 5.44542727 5.65486678 5.86430629 6.07374580
