# of total, up-spin and dn-spin electrons=  30  15   0

Original positions and ones modulo 2pi
 1  -0.2096   6.0736
 2   2.0657   2.0657
 3   0.6332   0.6332
 4   2.8262   2.8262
 5   2.5080   2.5080
 6   2.0374   2.0374
 7   2.1658   2.1658
 8   3.3911   3.3911
 9   2.0730   2.0730
10   4.1802   4.1802
11   4.1761   4.1761
12   3.7821   3.7821
13   4.3557   4.3557
14   3.8757   3.8757
15   9.3559   3.0727
16   3.0354   3.0354
17   0.2692   0.2692
18  -3.6713   2.6119
19   3.4941   3.4941
20   2.2609   2.2609
21   2.8970   2.8970
22   1.9647   1.9647
23   5.5824   5.5824
24   1.9482   1.9482
25   3.4817   3.4817
26   4.2323   4.2323
27   4.2525   4.2525
28   2.1335   2.1335
29   4.3935   4.3935
30  10.3765   4.0933
 6.07355236 2.06566041 0.63319333 2.82624398 2.50802949 2.03744207 2.16584086 3.39113416 2.07295129 4.18018895 4.17613325 3.78206934 4.35570078 3.87566867 3.07267776 3.03542761 0.26920592 2.61192082 3.49413934 2.26093743 2.89701234 1.96467401 5.58242183 1.94816924 3.48169384 4.23233972 4.25248983 2.13350564 4.39345900 4.09334024

Positions sorted separately for up and down
 1   0.6332
 2   2.0374
 3   2.0657
 4   2.0730
 5   2.1658
 6   2.5080
 7   2.8262
 8   3.0727
 9   3.3911
10   3.7821
11   3.8757
12   4.1761
13   4.1802
14   4.3557
15   6.0736
16   0.2692
17   1.9482
18   1.9647
19   2.1335
20   2.2609
21   2.6119
22   2.8970
23   3.0354
24   3.4817
25   3.4941
26   4.0933
27   4.2323
28   4.2525
29   4.3935
30   5.5824
 0.63319333 2.03744207 2.06566041 2.07295129 2.16584086 2.50802949 2.82624398 3.07267776 3.39113416 3.78206934 3.87566867 4.17613325 4.18018895 4.35570078 6.07355236 0.26920592 1.94816924 1.96467401 2.13350564 2.26093743 2.61192082 2.89701234 3.03542761 3.48169384 3.49413934 4.09334024 4.23233972 4.25248983 4.39345900 5.58242183

Positions sorted for all electrons
 1   0.2692
 2   0.6332
 3   1.9482
 4   1.9647
 5   2.0374
 6   2.0657
 7   2.0730
 8   2.1335
 9   2.1658
10   2.2609
11   2.5080
12   2.6119
13   2.8262
14   2.8970
15   3.0354
16   3.0727
17   3.3911
18   3.4817
19   3.4941
20   3.7821
21   3.8757
22   4.0933
23   4.1761
24   4.1802
25   4.2323
26   4.2525
27   4.3557
28   4.3935
29   5.5824
30   6.0736
 0.26920592 0.63319333 1.94816924 1.96467401 2.03744207 2.06566041 2.07295129 2.13350564 2.16584086 2.26093743 2.50802949 2.61192082 2.82624398 2.89701234 3.03542761 3.07267776 3.39113416 3.48169384 3.49413934 3.78206934 3.87566867 4.09334024 4.17613325 4.18018895 4.23233972 4.25248983 4.35570078 4.39345900 5.58242183 6.07355236

Odd sorted positions followed by even sorted positions
 0.26920592 1.94816924 2.03744207 2.07295129 2.16584086 2.50802949 2.82624398 3.03542761 3.39113416 3.49413934 3.87566867 4.17613325 4.23233972 4.35570078 5.58242183 0.63319333 1.96467401 2.06566041 2.13350564 2.26093743 2.61192082 2.89701234 3.07267776 3.48169384 3.78206934 4.09334024 4.18018895 4.25248983 4.39345900 6.07355236

Symetrized positions sorted for all electrons
 0.00000000 0.42141314 1.32446636 1.92720016 1.98246330 2.04817794 2.06189844 2.11825100 2.13644646 2.22539125 2.45777306 2.55651839 2.80764497 2.84925190 2.96373938 3.14159265 3.31944593 3.43393340 3.47554033 3.72666692 3.82541224 4.05779406 4.14673885 4.16493431 4.22128687 4.23500736 4.30072201 4.35598515 4.95871895 5.86177217

Symmetrized odd sorted positions followed by even sorted positions
 0.00000000 1.32446636 1.98246330 2.06189844 2.13644646 2.45777306 2.80764497 2.96373938 3.31944593 3.47554033 3.82541224 4.14673885 4.22128687 4.30072201 4.95871895 0.42141314 1.92720016 2.04817794 2.11825100 2.22539125 2.55651839 2.84925190 3.14159265 3.43393340 3.72666692 4.05779406 4.16493431 4.23500736 4.35598515 5.86177217

Antiferromag. even spacing if the nup up-spin electrons are in the first nup orbs
 1   0.0000
 2   0.4189
 3   0.8378
 4   1.2566
 5   1.6755
 6   2.0944
 7   2.5133
 8   2.9322
 9   3.3510
10   3.7699
11   4.1888
12   4.6077
13   5.0265
14   5.4454
15   5.8643
16   0.2094
17   0.6283
18   1.0472
19   1.4661
20   1.8850
21   2.3038
22   2.7227
23   3.1416
24   3.5605
25   3.9794
26   4.3982
27   4.8171
28   5.2360
29   5.6549
30   6.0737
 0.00000000 0.41887902 0.83775804 1.25663706 1.67551608 2.09439510 2.51327412 2.93215314 3.35103216 3.76991118 4.18879020 4.60766923 5.02654825 5.44542727 5.86430629 0.20943951 0.62831853 1.04719755 1.46607657 1.88495559 2.30383461 2.72271363 3.14159265 3.56047167 3.97935069 4.39822972 4.81710874 5.23598776 5.65486678 6.07374580

Antiferromag. even spacing if the nup up-spin electrons are in the odd orbs
 1   0.0000
 2   0.2094
 3   0.4189
 4   0.6283
 5   0.8378
 6   1.0472
 7   1.2566
 8   1.4661
 9   1.6755
10   1.8850
11   2.0944
12   2.3038
13   2.5133
14   2.7227
15   2.9322
16   3.1416
17   3.3510
18   3.5605
19   3.7699
20   3.9794
21   4.1888
22   4.3982
23   4.6077
24   4.8171
25   5.0265
26   5.2360
27   5.4454
28   5.6549
29   5.8643
30   6.0737
 0.00000000 0.20943951 0.41887902 0.62831853 0.83775804 1.04719755 1.25663706 1.46607657 1.67551608 1.88495559 2.09439510 2.30383461 2.51327412 2.72271363 2.93215314 3.14159265 3.35103216 3.56047167 3.76991118 3.97935069 4.18879020 4.39822972 4.60766923 4.81710874 5.02654825 5.23598776 5.44542727 5.65486678 5.86430629 6.07374580
