# of total, up-spin and dn-spin electrons=  30  15   0

Original positions and ones modulo 2pi
 1   0.2410   0.2410
 2   1.8863   1.8863
 3   2.4987   2.4987
 4   2.0899   2.0899
 5   2.0139   2.0139
 6   2.4846   2.4846
 7   2.7744   2.7744
 8   3.1539   3.1539
 9   3.3592   3.3592
10   3.4745   3.4745
11   3.7994   3.7994
12   4.3320   4.3320
13   4.4094   4.4094
14   4.0339   4.0339
15   5.5653   5.5653
16   0.6848   0.6848
17   1.7056   1.7056
18   1.9913   1.9913
19   2.1663   2.1663
20   2.2094   2.2094
21   2.6053   2.6053
22   3.0968   3.0968
23   2.7645   2.7645
24   3.3826   3.3826
25   3.7011   3.7011
26   4.0143   4.0143
27   4.3436   4.3436
28   4.1095   4.1095
29   4.6419   4.6419
30   6.0886   6.0886
 0.24100741 1.88630509 2.49872856 2.08987511 2.01393103 2.48461297 2.77440096 3.15391071 3.35915287 3.47452368 3.79941455 4.33196159 4.40939377 4.03391531 5.56527659 0.68480541 1.70555015 1.99129695 2.16629081 2.20940980 2.60529801 3.09678511 2.76452713 3.38258628 3.70109291 4.01434479 4.34364011 4.10954673 4.64191854 6.08864160

Positions sorted separately for up and down
 1   0.2410
 2   1.8863
 3   2.0139
 4   2.0899
 5   2.4846
 6   2.4987
 7   2.7744
 8   3.1539
 9   3.3592
10   3.4745
11   3.7994
12   4.0339
13   4.3320
14   4.4094
15   5.5653
16   0.6848
17   1.7056
18   1.9913
19   2.1663
20   2.2094
21   2.6053
22   2.7645
23   3.0968
24   3.3826
25   3.7011
26   4.0143
27   4.1095
28   4.3436
29   4.6419
30   6.0886
 0.24100741 1.88630509 2.01393103 2.08987511 2.48461297 2.49872856 2.77440096 3.15391071 3.35915287 3.47452368 3.79941455 4.03391531 4.33196159 4.40939377 5.56527659 0.68480541 1.70555015 1.99129695 2.16629081 2.20940980 2.60529801 2.76452713 3.09678511 3.38258628 3.70109291 4.01434479 4.10954673 4.34364011 4.64191854 6.08864160

Positions sorted for all electrons
 1   0.2410
 2   0.6848
 3   1.7056
 4   1.8863
 5   1.9913
 6   2.0139
 7   2.0899
 8   2.1663
 9   2.2094
10   2.4846
11   2.4987
12   2.6053
13   2.7645
14   2.7744
15   3.0968
16   3.1539
17   3.3592
18   3.3826
19   3.4745
20   3.7011
21   3.7994
22   4.0143
23   4.0339
24   4.1095
25   4.3320
26   4.3436
27   4.4094
28   4.6419
29   5.5653
30   6.0886
 0.24100741 0.68480541 1.70555015 1.88630509 1.99129695 2.01393103 2.08987511 2.16629081 2.20940980 2.48461297 2.49872856 2.60529801 2.76452713 2.77440096 3.09678511 3.15391071 3.35915287 3.38258628 3.47452368 3.70109291 3.79941455 4.01434479 4.03391531 4.10954673 4.33196159 4.34364011 4.40939377 4.64191854 5.56527659 6.08864160

Odd sorted positions followed by even sorted positions
 0.24100741 1.70555015 1.99129695 2.08987511 2.20940980 2.49872856 2.76452713 3.09678511 3.35915287 3.47452368 3.79941455 4.03391531 4.33196159 4.40939377 5.56527659 0.68480541 1.88630509 2.01393103 2.16629081 2.48461297 2.60529801 2.77440096 3.15391071 3.38258628 3.70109291 4.01434479 4.10954673 4.34364011 4.64191854 6.08864160

Symetrized positions sorted for all electrons
 0.00000000 0.43967456 1.21172943 1.76378593 1.93254424 1.97673811 2.02054941 2.16996469 2.22933990 2.37672674 2.49124966 2.59369520 2.78659438 2.83749999 3.01040877 3.14159265 3.27277653 3.44568531 3.49659093 3.68949010 3.79193565 3.90645856 4.05384541 4.11322061 4.26263589 4.30644719 4.35064106 4.51939938 5.07145587 5.84351075

Symmetrized odd sorted positions followed by even sorted positions
 0.00000000 1.21172943 1.93254424 2.02054941 2.22933990 2.49124966 2.78659438 3.01040877 3.27277653 3.49659093 3.79193565 4.05384541 4.26263589 4.35064106 5.07145587 0.43967456 1.76378593 1.97673811 2.16996469 2.37672674 2.59369520 2.83749999 3.14159265 3.44568531 3.68949010 3.90645856 4.11322061 4.30644719 4.51939938 5.84351075

Antiferromag. even spacing if the nup up-spin electrons are in the first nup orbs
 1   0.0000
 2   0.4189
 3   0.8378
 4   1.2566
 5   1.6755
 6   2.0944
 7   2.5133
 8   2.9322
 9   3.3510
10   3.7699
11   4.1888
12   4.6077
13   5.0265
14   5.4454
15   5.8643
16   0.2094
17   0.6283
18   1.0472
19   1.4661
20   1.8850
21   2.3038
22   2.7227
23   3.1416
24   3.5605
25   3.9794
26   4.3982
27   4.8171
28   5.2360
29   5.6549
30   6.0737
 0.00000000 0.41887902 0.83775804 1.25663706 1.67551608 2.09439510 2.51327412 2.93215314 3.35103216 3.76991118 4.18879020 4.60766923 5.02654825 5.44542727 5.86430629 0.20943951 0.62831853 1.04719755 1.46607657 1.88495559 2.30383461 2.72271363 3.14159265 3.56047167 3.97935069 4.39822972 4.81710874 5.23598776 5.65486678 6.07374580

Antiferromag. even spacing if the nup up-spin electrons are in the odd orbs
 1   0.0000
 2   0.2094
 3   0.4189
 4   0.6283
 5   0.8378
 6   1.0472
 7   1.2566
 8   1.4661
 9   1.6755
10   1.8850
11   2.0944
12   2.3038
13   2.5133
14   2.7227
15   2.9322
16   3.1416
17   3.3510
18   3.5605
19   3.7699
20   3.9794
21   4.1888
22   4.3982
23   4.6077
24   4.8171
25   5.0265
26   5.2360
27   5.4454
28   5.6549
29   5.8643
30   6.0737
 0.00000000 0.20943951 0.41887902 0.62831853 0.83775804 1.04719755 1.25663706 1.46607657 1.67551608 1.88495559 2.09439510 2.30383461 2.51327412 2.72271363 2.93215314 3.14159265 3.35103216 3.56047167 3.76991118 3.97935069 4.18879020 4.39822972 4.60766923 4.81710874 5.02654825 5.23598776 5.44542727 5.65486678 5.86430629 6.07374580
