# of total, up-spin and dn-spin electrons=  31  16   0

Original positions and ones modulo 2pi
 1   0.0050   0.0050
 2   0.7744   0.7744
 3   1.8170   1.8170
 4   5.4832   5.4832
 5   2.0374   2.0374
 6   2.0473   2.0473
 7   2.0516   2.0516
 8   2.0725   2.0725
 9   2.0400   2.0400
10   2.0724   2.0724
11   2.0652   2.0652
12   2.4204   2.4204
13   2.6523   2.6523
14   2.6687   2.6687
15   2.9504   2.9504
16   2.9989   2.9989
17   3.3565   3.3565
18   3.3376   3.3376
19   3.5851   3.5851
20   3.6000   3.6000
21   4.1133   4.1133
22   4.0944   4.0944
23   4.2282   4.2282
24   4.1118   4.1118
25   4.2388   4.2388
26   4.1776   4.1776
27   4.2714   4.2714
28   4.2167   4.2167
29   4.5945   4.5945
30   3.0903   3.0903
31   3.1515   3.1515
 0.00499951 0.77439387 1.81699718 5.48319961 2.03743973 2.04728085 2.05162024 2.07251025 2.03998458 2.07237592 2.06521435 2.42035107 2.65225397 2.66865225 2.95038553 2.99893991 3.35645000 3.33756129 3.58510876 3.59998127 4.11329577 4.09442749 4.22817178 4.11184681 4.23879677 4.17761652 4.27144865 4.21668694 4.59449874 3.09030592 3.15147359

Positions sorted separately for up and down
 1   0.0050
 2   0.7744
 3   1.8170
 4   2.0374
 5   2.0400
 6   2.0473
 7   2.0516
 8   2.0652
 9   2.0724
10   2.0725
11   2.4204
12   2.6523
13   2.6687
14   2.9504
15   2.9989
16   5.4832
17   3.0903
18   3.1515
19   3.3376
20   3.3565
21   3.5851
22   3.6000
23   4.0944
24   4.1118
25   4.1133
26   4.1776
27   4.2167
28   4.2282
29   4.2388
30   4.2714
31   4.5945
 0.00499951 0.77439387 1.81699718 2.03743973 2.03998458 2.04728085 2.05162024 2.06521435 2.07237592 2.07251025 2.42035107 2.65225397 2.66865225 2.95038553 2.99893991 5.48319961 3.09030592 3.15147359 3.33756129 3.35645000 3.58510876 3.59998127 4.09442749 4.11184681 4.11329577 4.17761652 4.21668694 4.22817178 4.23879677 4.27144865 4.59449874

Positions sorted for all electrons
 1   0.0050
 2   0.7744
 3   1.8170
 4   2.0374
 5   2.0400
 6   2.0473
 7   2.0516
 8   2.0652
 9   2.0724
10   2.0725
11   2.4204
12   2.6523
13   2.6687
14   2.9504
15   2.9989
16   3.0903
17   3.1515
18   3.3376
19   3.3565
20   3.5851
21   3.6000
22   4.0944
23   4.1118
24   4.1133
25   4.1776
26   4.2167
27   4.2282
28   4.2388
29   4.2714
30   4.5945
31   5.4832
 0.00499951 0.77439387 1.81699718 2.03743973 2.03998458 2.04728085 2.05162024 2.06521435 2.07237592 2.07251025 2.42035107 2.65225397 2.66865225 2.95038553 2.99893991 3.09030592 3.15147359 3.33756129 3.35645000 3.58510876 3.59998127 4.09442749 4.11184681 4.11329577 4.17761652 4.21668694 4.22817178 4.23879677 4.27144865 4.59449874 5.48319961

Odd sorted positions followed by even sorted positions
 0.00499951 1.81699718 2.03998458 2.05162024 2.07237592 2.42035107 2.66865225 2.99893991 3.15147359 3.35645000 3.59998127 4.11184681 4.17761652 4.22817178 4.27144865 5.48319961 0.77439387 2.03743973 2.04728085 2.06521435 2.07251025 2.65225397 2.95038553 3.09030592 3.33756129 3.58510876 4.09442749 4.11329577 4.21668694 4.23879677 4.59449874

Symetrized positions sorted for all electrons
 0.00000000 0.78718978 1.75284187 2.02458819 2.04218656 2.05114719 2.05905930 2.08539157 2.12113273 2.12192437 2.30455444 2.66772900 2.68336440 2.93856042 2.97228196 3.11100882 3.17217649 3.31090334 3.34462489 3.59982091 3.61545630 3.97863086 4.16126093 4.16205258 4.19779374 4.22412600 4.23203812 4.24099875 4.25859711 4.53034343 5.49599552

Symmetrized odd sorted positions followed by even sorted positions
 0.00000000 1.75284187 2.04218656 2.05905930 2.12113273 2.30455444 2.68336440 2.97228196 3.17217649 3.34462489 3.61545630 4.16126093 4.19779374 4.23203812 4.25859711 5.49599552 0.78718978 2.02458819 2.05114719 2.08539157 2.12192437 2.66772900 2.93856042 3.11100882 3.31090334 3.59982091 3.97863086 4.16205258 4.22412600 4.24099875 4.53034343

Antiferromag. even spacing if the nup up-spin electrons are in the first nup orbs
 1   0.0000
 2   0.4054
 3   0.8107
 4   1.2161
 5   1.6215
 6   2.0268
 7   2.4322
 8   2.8376
 9   3.2429
10   3.6483
11   4.0537
12   4.4590
13   4.8644
14   5.2698
15   5.6751
16   6.0805
17   0.2027
18   0.6081
19   1.0134
20   1.4188
21   1.8242
22   2.2295
23   2.6349
24   3.0403
25   3.4456
26   3.8510
27   4.2564
28   4.6617
29   5.0671
30   5.4725
31   5.8778
 0.00000000 0.40536679 0.81073359 1.21610038 1.62146718 2.02683397 2.43220076 2.83756756 3.24293435 3.64830115 4.05366794 4.45903473 4.86440153 5.26976832 5.67513512 6.08050191 0.20268340 0.60805019 1.01341699 1.41878378 1.82415057 2.22951737 2.63488416 3.04025096 3.44561775 3.85098454 4.25635134 4.66171813 5.06708493 5.47245172 5.87781851

Antiferromag. even spacing if the nup up-spin electrons are in the odd orbs
 1   0.0000
 2   0.2027
 3   0.4054
 4   0.6081
 5   0.8107
 6   1.0134
 7   1.2161
 8   1.4188
 9   1.6215
10   1.8242
11   2.0268
12   2.2295
13   2.4322
14   2.6349
15   2.8376
16   3.0403
17   3.2429
18   3.4456
19   3.6483
20   3.8510
21   4.0537
22   4.2564
23   4.4590
24   4.6617
25   4.8644
26   5.0671
27   5.2698
28   5.4725
29   5.6751
30   5.8778
31   6.0805
 0.00000000 0.20268340 0.40536679 0.60805019 0.81073359 1.01341699 1.21610038 1.41878378 1.62146718 1.82415057 2.02683397 2.22951737 2.43220076 2.63488416 2.83756756 3.04025096 3.24293435 3.44561775 3.64830115 3.85098454 4.05366794 4.25635134 4.45903473 4.66171813 4.86440153 5.06708493 5.26976832 5.47245172 5.67513512 5.87781851 6.08050191
