# of total, up-spin and dn-spin electrons=  31  16   0

Original positions and ones modulo 2pi
 1   5.5495   5.5495
 2   0.3743   0.3743
 3   0.7839   0.7839
 4   0.1132   0.1132
 5   2.0113   2.0113
 6   1.5041   1.5041
 7   2.1864   2.1864
 8   1.4666   1.4666
 9   2.0840   2.0840
10   1.4656   1.4656
11   2.2028   2.2028
12   2.0373   2.0373
13   2.6214   2.6214
14   2.5022   2.5022
15   3.0347   3.0347
16   3.2934   3.2934
17   3.1760   3.1760
18   2.9698   2.9698
19   3.4067   3.4067
20   3.7372   3.7372
21   4.2170   4.2170
22   4.3033   4.3033
23   4.2234   4.2234
24   4.3692   4.3692
25   4.2224   4.2224
26   5.3742   5.3742
27   4.2240   4.2240
28   4.8184   4.8184
29   3.9196   3.9196
30   5.8936   5.8936
31   6.3112   0.0280
 5.54952908 0.37425513 0.78385529 0.11317057 2.01131107 1.50411183 2.18636860 1.46655070 2.08403652 1.46555926 2.20280469 2.03727970 2.62141427 2.50224585 3.03470926 3.29339135 3.17599532 2.96978714 3.40671803 3.73718654 4.21704815 4.30328460 4.22336191 4.36918587 4.22237226 5.37419042 4.22396921 4.81844730 3.91962699 5.89359697 0.02800654

Positions sorted separately for up and down
 1   0.1132
 2   0.3743
 3   0.7839
 4   1.4656
 5   1.4666
 6   1.5041
 7   2.0113
 8   2.0373
 9   2.0840
10   2.1864
11   2.2028
12   2.5022
13   2.6214
14   3.0347
15   3.2934
16   5.5495
17   0.0280
18   2.9698
19   3.1760
20   3.4067
21   3.7372
22   3.9196
23   4.2170
24   4.2224
25   4.2234
26   4.2240
27   4.3033
28   4.3692
29   4.8184
30   5.3742
31   5.8936
 0.11317057 0.37425513 0.78385529 1.46555926 1.46655070 1.50411183 2.01131107 2.03727970 2.08403652 2.18636860 2.20280469 2.50224585 2.62141427 3.03470926 3.29339135 5.54952908 0.02800654 2.96978714 3.17599532 3.40671803 3.73718654 3.91962699 4.21704815 4.22237226 4.22336191 4.22396921 4.30328460 4.36918587 4.81844730 5.37419042 5.89359697

Positions sorted for all electrons
 1   0.0280
 2   0.1132
 3   0.3743
 4   0.7839
 5   1.4656
 6   1.4666
 7   1.5041
 8   2.0113
 9   2.0373
10   2.0840
11   2.1864
12   2.2028
13   2.5022
14   2.6214
15   2.9698
16   3.0347
17   3.1760
18   3.2934
19   3.4067
20   3.7372
21   3.9196
22   4.2170
23   4.2224
24   4.2234
25   4.2240
26   4.3033
27   4.3692
28   4.8184
29   5.3742
30   5.5495
31   5.8936
 0.02800654 0.11317057 0.37425513 0.78385529 1.46555926 1.46655070 1.50411183 2.01131107 2.03727970 2.08403652 2.18636860 2.20280469 2.50224585 2.62141427 2.96978714 3.03470926 3.17599532 3.29339135 3.40671803 3.73718654 3.91962699 4.21704815 4.22237226 4.22336191 4.22396921 4.30328460 4.36918587 4.81844730 5.37419042 5.54952908 5.89359697

Odd sorted positions followed by even sorted positions
 0.02800654 0.37425513 1.46555926 1.50411183 2.03727970 2.18636860 2.50224585 2.96978714 3.17599532 3.40671803 3.91962699 4.22237226 4.22396921 4.36918587 5.37419042 5.89359697 0.11317057 0.78385529 1.46655070 2.01131107 2.08403652 2.20280469 2.62141427 3.03470926 3.29339135 3.73718654 4.21704815 4.22336191 4.30328460 4.81844730 5.54952908

Symetrized positions sorted for all electrons
 0.00000000 0.25137945 0.55395568 0.84642509 1.46514863 1.69027507 1.74200627 2.03526358 2.04855155 2.07242478 2.12625288 2.28318150 2.52412231 2.74894077 2.97979055 3.07094962 3.21223568 3.30339476 3.53424453 3.75906300 4.00000380 4.15693243 4.21076052 4.23463376 4.24792172 4.54117904 4.59291024 4.81803667 5.43676022 5.72922963 6.03180585

Symmetrized odd sorted positions followed by even sorted positions
 0.00000000 0.55395568 1.46514863 1.74200627 2.04855155 2.12625288 2.52412231 2.97979055 3.21223568 3.53424453 4.00000380 4.21076052 4.24792172 4.59291024 5.43676022 6.03180585 0.25137945 0.84642509 1.69027507 2.03526358 2.07242478 2.28318150 2.74894077 3.07094962 3.30339476 3.75906300 4.15693243 4.23463376 4.54117904 4.81803667 5.72922963

Antiferromag. even spacing if the nup up-spin electrons are in the first nup orbs
 1   0.0000
 2   0.4054
 3   0.8107
 4   1.2161
 5   1.6215
 6   2.0268
 7   2.4322
 8   2.8376
 9   3.2429
10   3.6483
11   4.0537
12   4.4590
13   4.8644
14   5.2698
15   5.6751
16   6.0805
17   0.2027
18   0.6081
19   1.0134
20   1.4188
21   1.8242
22   2.2295
23   2.6349
24   3.0403
25   3.4456
26   3.8510
27   4.2564
28   4.6617
29   5.0671
30   5.4725
31   5.8778
 0.00000000 0.40536679 0.81073359 1.21610038 1.62146718 2.02683397 2.43220076 2.83756756 3.24293435 3.64830115 4.05366794 4.45903473 4.86440153 5.26976832 5.67513512 6.08050191 0.20268340 0.60805019 1.01341699 1.41878378 1.82415057 2.22951737 2.63488416 3.04025096 3.44561775 3.85098454 4.25635134 4.66171813 5.06708493 5.47245172 5.87781851

Antiferromag. even spacing if the nup up-spin electrons are in the odd orbs
 1   0.0000
 2   0.2027
 3   0.4054
 4   0.6081
 5   0.8107
 6   1.0134
 7   1.2161
 8   1.4188
 9   1.6215
10   1.8242
11   2.0268
12   2.2295
13   2.4322
14   2.6349
15   2.8376
16   3.0403
17   3.2429
18   3.4456
19   3.6483
20   3.8510
21   4.0537
22   4.2564
23   4.4590
24   4.6617
25   4.8644
26   5.0671
27   5.2698
28   5.4725
29   5.6751
30   5.8778
31   6.0805
 0.00000000 0.20268340 0.40536679 0.60805019 0.81073359 1.01341699 1.21610038 1.41878378 1.62146718 1.82415057 2.02683397 2.22951737 2.43220076 2.63488416 2.83756756 3.04025096 3.24293435 3.44561775 3.64830115 3.85098454 4.05366794 4.25635134 4.45903473 4.66171813 4.86440153 5.06708493 5.26976832 5.47245172 5.67513512 5.87781851 6.08050191
