# of total, up-spin and dn-spin electrons=  30  15   0

Original positions and ones modulo 2pi
 1   0.0000   0.0000
 2   0.2514   0.2514
 3   0.5540   0.5540
 4   0.8464   0.8464
 5   1.4651   1.4651
 6   1.6903   1.6903
 7   1.7420   1.7420
 8   2.0353   2.0353
 9   2.0486   2.0486
10   2.0724   2.0724
11   2.1263   2.1263
12   2.2832   2.2832
13   2.5241   2.5241
14   2.7489   2.7489
15   2.9998   2.9998
16   3.1416   3.1416
17   3.2522   3.2522
18   3.3034   3.3034
19   3.5342   3.5342
20   3.7591   3.7591
21   4.0000   4.0000
22   4.1569   4.1569
23   4.2108   4.2108
24   4.2346   4.2346
25   4.2479   4.2479
26   4.5412   4.5412
27   4.5929   4.5929
28   4.8180   4.8180
29   5.4368   5.4368
30   5.7292   5.7292
 0.00000000 0.25137945 0.55395568 0.84642509 1.46514863 1.69027507 1.74200627 2.03526358 2.04855155 2.07242478 2.12625288 2.28318150 2.52412231 2.74894077 2.99979055 3.14159000 3.25223568 3.30339476 3.53424453 3.75906300 4.00000380 4.15693243 4.21076052 4.23463376 4.24792172 4.54117904 4.59291024 4.81803667 5.43676022 5.72922963

Positions sorted separately for up and down
 1   0.0000
 2   0.2514
 3   0.5540
 4   0.8464
 5   1.4651
 6   1.6903
 7   1.7420
 8   2.0353
 9   2.0486
10   2.0724
11   2.1263
12   2.2832
13   2.5241
14   2.7489
15   2.9998
16   3.1416
17   3.2522
18   3.3034
19   3.5342
20   3.7591
21   4.0000
22   4.1569
23   4.2108
24   4.2346
25   4.2479
26   4.5412
27   4.5929
28   4.8180
29   5.4368
30   5.7292
 0.00000000 0.25137945 0.55395568 0.84642509 1.46514863 1.69027507 1.74200627 2.03526358 2.04855155 2.07242478 2.12625288 2.28318150 2.52412231 2.74894077 2.99979055 3.14159000 3.25223568 3.30339476 3.53424453 3.75906300 4.00000380 4.15693243 4.21076052 4.23463376 4.24792172 4.54117904 4.59291024 4.81803667 5.43676022 5.72922963

Positions sorted for all electrons
 1   0.0000
 2   0.2514
 3   0.5540
 4   0.8464
 5   1.4651
 6   1.6903
 7   1.7420
 8   2.0353
 9   2.0486
10   2.0724
11   2.1263
12   2.2832
13   2.5241
14   2.7489
15   2.9998
16   3.1416
17   3.2522
18   3.3034
19   3.5342
20   3.7591
21   4.0000
22   4.1569
23   4.2108
24   4.2346
25   4.2479
26   4.5412
27   4.5929
28   4.8180
29   5.4368
30   5.7292
 0.00000000 0.25137945 0.55395568 0.84642509 1.46514863 1.69027507 1.74200627 2.03526358 2.04855155 2.07242478 2.12625288 2.28318150 2.52412231 2.74894077 2.99979055 3.14159000 3.25223568 3.30339476 3.53424453 3.75906300 4.00000380 4.15693243 4.21076052 4.23463376 4.24792172 4.54117904 4.59291024 4.81803667 5.43676022 5.72922963

Odd sorted positions followed by even sorted positions
 0.00000000 0.55395568 1.46514863 1.74200627 2.04855155 2.12625288 2.52412231 2.99979055 3.25223568 3.53424453 4.00000380 4.21076052 4.24792172 4.59291024 5.43676022 0.25137945 0.84642509 1.69027507 2.03526358 2.07242478 2.28318150 2.74894077 3.14159000 3.30339476 3.75906300 4.15693243 4.23463376 4.54117904 4.81803667 5.72922963

Symetrized positions sorted for all electrons
 0.00000000 0.40266756 0.70019038 1.15578686 1.57771185 1.71614067 1.88863493 2.04190756 2.06048817 2.09933883 2.20471719 2.40365190 2.63653154 2.86436566 3.01537009 3.14159265 3.26781522 3.41881965 3.64665376 3.87953340 4.07846811 4.18384648 4.22269714 4.24127774 4.39455038 4.56704464 4.70547346 5.12739844 5.58299492 5.88051774

Symmetrized odd sorted positions followed by even sorted positions
 0.00000000 0.70019038 1.57771185 1.88863493 2.06048817 2.20471719 2.63653154 3.01537009 3.26781522 3.64665376 4.07846811 4.22269714 4.39455038 4.70547346 5.58299492 0.40266756 1.15578686 1.71614067 2.04190756 2.09933883 2.40365190 2.86436566 3.14159265 3.41881965 3.87953340 4.18384648 4.24127774 4.56704464 5.12739844 5.88051774

Antiferromag. even spacing if the nup up-spin electrons are in the first nup orbs
 1   0.0000
 2   0.4189
 3   0.8378
 4   1.2566
 5   1.6755
 6   2.0944
 7   2.5133
 8   2.9322
 9   3.3510
10   3.7699
11   4.1888
12   4.6077
13   5.0265
14   5.4454
15   5.8643
16   0.2094
17   0.6283
18   1.0472
19   1.4661
20   1.8850
21   2.3038
22   2.7227
23   3.1416
24   3.5605
25   3.9794
26   4.3982
27   4.8171
28   5.2360
29   5.6549
30   6.0737
 0.00000000 0.41887902 0.83775804 1.25663706 1.67551608 2.09439510 2.51327412 2.93215314 3.35103216 3.76991118 4.18879020 4.60766923 5.02654825 5.44542727 5.86430629 0.20943951 0.62831853 1.04719755 1.46607657 1.88495559 2.30383461 2.72271363 3.14159265 3.56047167 3.97935069 4.39822972 4.81710874 5.23598776 5.65486678 6.07374580

Antiferromag. even spacing if the nup up-spin electrons are in the odd orbs
 1   0.0000
 2   0.2094
 3   0.4189
 4   0.6283
 5   0.8378
 6   1.0472
 7   1.2566
 8   1.4661
 9   1.6755
10   1.8850
11   2.0944
12   2.3038
13   2.5133
14   2.7227
15   2.9322
16   3.1416
17   3.3510
18   3.5605
19   3.7699
20   3.9794
21   4.1888
22   4.3982
23   4.6077
24   4.8171
25   5.0265
26   5.2360
27   5.4454
28   5.6549
29   5.8643
30   6.0737
 0.00000000 0.20943951 0.41887902 0.62831853 0.83775804 1.04719755 1.25663706 1.46607657 1.67551608 1.88495559 2.09439510 2.30383461 2.51327412 2.72271363 2.93215314 3.14159265 3.35103216 3.56047167 3.76991118 3.97935069 4.18879020 4.39822972 4.60766923 4.81710874 5.02654825 5.23598776 5.44542727 5.65486678 5.86430629 6.07374580
