# of total, up-spin and dn-spin electrons=  30  15   0

Original positions and ones modulo 2pi
 1   0.0000   0.0000
 2   0.4027   0.4027
 3   0.7002   0.7002
 4   1.1558   1.1558
 5   1.5777   1.5777
 6   1.7161   1.7161
 7   1.8886   1.8886
 8   2.0419   2.0419
 9   2.0605   2.0605
10   2.0993   2.0993
11   2.2047   2.2047
12   2.4037   2.4037
13   2.6365   2.6365
14   2.8644   2.8644
15   3.0154   3.0154
16   3.1416   3.1416
17   3.2678   3.2678
18   3.4188   3.4188
19   3.6467   3.6467
20   3.8795   3.8795
21   4.0785   4.0785
22   4.1838   4.1838
23   4.2227   4.2227
24   4.2413   4.2413
25   4.3946   4.3946
26   4.5670   4.5670
27   4.7055   4.7055
28   5.1274   5.1274
29   5.5830   5.5830
30   5.8805   5.8805
 0.00000000 0.40266756 0.70019038 1.15578686 1.57771185 1.71614067 1.88863493 2.04190756 2.06048817 2.09933883 2.20471719 2.40365190 2.63653154 2.86436566 3.01537009 3.14159265 3.26781522 3.41881965 3.64665376 3.87953340 4.07846811 4.18384648 4.22269714 4.24127774 4.39455038 4.56704464 4.70547346 5.12739844 5.58299492 5.88051774

Positions sorted separately for up and down
 1   0.0000
 2   0.4027
 3   0.7002
 4   1.1558
 5   1.5777
 6   1.7161
 7   1.8886
 8   2.0419
 9   2.0605
10   2.0993
11   2.2047
12   2.4037
13   2.6365
14   2.8644
15   3.0154
16   3.1416
17   3.2678
18   3.4188
19   3.6467
20   3.8795
21   4.0785
22   4.1838
23   4.2227
24   4.2413
25   4.3946
26   4.5670
27   4.7055
28   5.1274
29   5.5830
30   5.8805
 0.00000000 0.40266756 0.70019038 1.15578686 1.57771185 1.71614067 1.88863493 2.04190756 2.06048817 2.09933883 2.20471719 2.40365190 2.63653154 2.86436566 3.01537009 3.14159265 3.26781522 3.41881965 3.64665376 3.87953340 4.07846811 4.18384648 4.22269714 4.24127774 4.39455038 4.56704464 4.70547346 5.12739844 5.58299492 5.88051774

Positions sorted for all electrons
 1   0.0000
 2   0.4027
 3   0.7002
 4   1.1558
 5   1.5777
 6   1.7161
 7   1.8886
 8   2.0419
 9   2.0605
10   2.0993
11   2.2047
12   2.4037
13   2.6365
14   2.8644
15   3.0154
16   3.1416
17   3.2678
18   3.4188
19   3.6467
20   3.8795
21   4.0785
22   4.1838
23   4.2227
24   4.2413
25   4.3946
26   4.5670
27   4.7055
28   5.1274
29   5.5830
30   5.8805
 0.00000000 0.40266756 0.70019038 1.15578686 1.57771185 1.71614067 1.88863493 2.04190756 2.06048817 2.09933883 2.20471719 2.40365190 2.63653154 2.86436566 3.01537009 3.14159265 3.26781522 3.41881965 3.64665376 3.87953340 4.07846811 4.18384648 4.22269714 4.24127774 4.39455038 4.56704464 4.70547346 5.12739844 5.58299492 5.88051774

Odd sorted positions followed by even sorted positions
 0.00000000 0.70019038 1.57771185 1.88863493 2.06048817 2.20471719 2.63653154 3.01537009 3.26781522 3.64665376 4.07846811 4.22269714 4.39455038 4.70547346 5.58299492 0.40266756 1.15578686 1.71614067 2.04190756 2.09933883 2.40365190 2.86436566 3.14159265 3.41881965 3.87953340 4.18384648 4.24127774 4.56704464 5.12739844 5.88051774

Symetrized positions sorted for all electrons
 0.00000000 0.40266756 0.70019038 1.15578686 1.57771185 1.71614067 1.88863493 2.04190756 2.06048817 2.09933883 2.20471719 2.40365190 2.63653154 2.86436566 3.01537009 3.14159265 3.26781522 3.41881965 3.64665376 3.87953340 4.07846811 4.18384648 4.22269714 4.24127774 4.39455038 4.56704464 4.70547346 5.12739844 5.58299492 5.88051774

Symmetrized odd sorted positions followed by even sorted positions
 0.00000000 0.70019038 1.57771185 1.88863493 2.06048817 2.20471719 2.63653154 3.01537009 3.26781522 3.64665376 4.07846811 4.22269714 4.39455038 4.70547346 5.58299492 0.40266756 1.15578686 1.71614067 2.04190756 2.09933883 2.40365190 2.86436566 3.14159265 3.41881965 3.87953340 4.18384648 4.24127774 4.56704464 5.12739844 5.88051774

Antiferromag. even spacing if the nup up-spin electrons are in the first nup orbs
 1   0.0000
 2   0.4189
 3   0.8378
 4   1.2566
 5   1.6755
 6   2.0944
 7   2.5133
 8   2.9322
 9   3.3510
10   3.7699
11   4.1888
12   4.6077
13   5.0265
14   5.4454
15   5.8643
16   0.2094
17   0.6283
18   1.0472
19   1.4661
20   1.8850
21   2.3038
22   2.7227
23   3.1416
24   3.5605
25   3.9794
26   4.3982
27   4.8171
28   5.2360
29   5.6549
30   6.0737
 0.00000000 0.41887902 0.83775804 1.25663706 1.67551608 2.09439510 2.51327412 2.93215314 3.35103216 3.76991118 4.18879020 4.60766923 5.02654825 5.44542727 5.86430629 0.20943951 0.62831853 1.04719755 1.46607657 1.88495559 2.30383461 2.72271363 3.14159265 3.56047167 3.97935069 4.39822972 4.81710874 5.23598776 5.65486678 6.07374580

Antiferromag. even spacing if the nup up-spin electrons are in the odd orbs
 1   0.0000
 2   0.2094
 3   0.4189
 4   0.6283
 5   0.8378
 6   1.0472
 7   1.2566
 8   1.4661
 9   1.6755
10   1.8850
11   2.0944
12   2.3038
13   2.5133
14   2.7227
15   2.9322
16   3.1416
17   3.3510
18   3.5605
19   3.7699
20   3.9794
21   4.1888
22   4.3982
23   4.6077
24   4.8171
25   5.0265
26   5.2360
27   5.4454
28   5.6549
29   5.8643
30   6.0737
 0.00000000 0.20943951 0.41887902 0.62831853 0.83775804 1.04719755 1.25663706 1.46607657 1.67551608 1.88495559 2.09439510 2.30383461 2.51327412 2.72271363 2.93215314 3.14159265 3.35103216 3.56047167 3.76991118 3.97935069 4.18879020 4.39822972 4.60766923 4.81710874 5.02654825 5.23598776 5.44542727 5.65486678 5.86430629 6.07374580
