    1    2    3    4    5    6    7       1    2    3    4    5    6    7       1    1
    1    2    3    4    5    7    8       1    2    3    4    5    7    8       2    2
    1    2    3    4    5    7    8       1    2    3    4    5    6    9       3    2
    1    2    3    4    5    6    8       1    2    3    4    5    6    8       4    2
    1    2    3    4    5    6    8       1    2    3    4    5    7    9       5    2
    1    2    3    4    5    7    9       1    2    3    4    5    6    8       6    2
    1    2    3    4    5    7    9       1    2    3    4    5    7    9       7    2
    1    2    3    4    5    6    9       1    2    3    4    5    7    8       8    2
    1    2    3    4    5    6    9       1    2    3    4    5    6    9       9    2
    1    2    3    4    6    7   10       1    2    3    4    5    6    8      10    3
    1    2    3    4    6    7   10       1    2    3    4    5    7    9      11    3
    1    2    3    4    6    7    8       1    2    3    4    5    6   10      12    3
    1    2    3    4    6    7    9       1    2    3    4    5    7   10      13    3
    1    2    3    4    5    7   10       1    2    3    4    6    7    9      14    3
    1    2    3    4    5    6   10       1    2    3    4    6    7    8      15    3
    1    2    3    4    5    6    8       1    2    3    4    6    7   10      16    3
    1    2    3    4    5    7    9       1    2    3    4    6    7   10      17    3
    1    2    3    4    6    8   10       1    2    3    4    5    6    7      18    3
    1    2    3    4    7    9   10       1    2    3    4    5    6    7      19    3
    1    2    3    4    5    6    7       1    2    3    4    6    8   10      20    3
    1    2    3    4    5    6    7       1    2    3    4    7    9   10      21    3
    1    2    3    4    5    8    9       1    2    3    4    5    6    7      22    2
    1    2    3    4    5    6    7       1    2    3    4    5    8    9      23    2
    1    2    3    5    6    7   18       1    2    3    4    5    6    8      24    4
    1    2    3    5    6    7   18       1    2    3    4    5    7    9      25    4
    1    2    3    5    6    7   19       1    2    3    4    5    7    8      26    4
    1    2    3    5    6    7   19       1    2    3    4    5    6    9      27    4
    1    2    3    5    6    7    8       1    2    3    4    5    6   18      28    4
    1    2    3    5    6    7    8       1    2    3    4    5    7   19      29    4
    1    2    3    5    6    7    9       1    2    3    4    5    7   18      30    4
    1    2    3    5    6    7    9       1    2    3    4    5    6   19      31    4
    1    2    3    4    5    7   18       1    2    3    5    6    7    9      32    4
    1    2    3    4    5    6   18       1    2    3    5    6    7    8      33    4
    1    2    3    4    5    7   19       1    2    3    5    6    7    8      34    4
    1    2    3    4    5    6   19       1    2    3    5    6    7    9      35    4
    1    2    3    4    5    7    8       1    2    3    5    6    7   19      36    4
    1    2    3    4    5    6    8       1    2    3    5    6    7   18      37    4
    1    2    3    4    5    7    9       1    2    3    5    6    7   18      38    4
    1    2    3    4    5    6    9       1    2    3    5    6    7   19      39    4
    1    2    3    5    6    8   18       1    2    3    4    5    6    7      40    4
    1    2    3    5    7    9   18       1    2    3    4    5    6    7      41    4
    1    2    3    5    7    8   19       1    2    3    4    5    6    7      42    4
    1    2    3    5    6    9   19       1    2    3    4    5    6    7      43    4
    1    2    3    4    5    6    7       1    2    3    5    6    8   18      44    4
    1    2    3    4    5    6    7       1    2    3    5    7    9   18      45    4
    1    2    3    4    5    6    7       1    2    3    5    7    8   19      46    4
    1    2    3    4    5    6    7       1    2    3    5    6    9   19      47    4
    1    2    3    5    6    7    8       1    2    3    5    6    7    8      48    5
    1    2    3    5    6    7    9       1    2    3    5    6    7    9      49    5
    1    2    3    5    6    7   13       1    2    3    4    5    6    8      50    6
    1    2    3    5    6    7   13       1    2    3    4    5    7    9      51    6
    1    2    3    5    6    7    8       1    2    3    4    5    6   13      52    6
    1    2    3    5    6    7    9       1    2    3    4    5    7   13      53    6
    1    2    3    4    5    7   13       1    2    3    5    6    7    9      54    6
    1    2    3    4    5    6   13       1    2    3    5    6    7    8      55    6
    1    2    3    4    5    6    8       1    2    3    5    6    7   13      56    6
    1    2    3    4    5    7    9       1    2    3    5    6    7   13      57    6
    1    2    3    5    6    8   13       1    2    3    4    5    6    7      58    6
    1    2    3    5    7    9   13       1    2    3    4    5    6    7      59    6
    1    2    3    4    5    6    7       1    2    3    5    6    8   13      60    6
    1    2    3    4    5    6    7       1    2    3    5    7    9   13      61    6
    1    2    3    4    6    7   14       1    2    3    4    5    6   12      62    7
    1    2    3    4    6    7   14       1    2    3    4    5    7   11      63    7
    1    2    3    4    6    7   12       1    2    3    4    5    6   14      64    7
    1    2    3    4    6    7   11       1    2    3    4    5    7   14      65    7
    1    2    3    4    5    7   14       1    2    3    4    6    7   11      66    7
    1    2    3    4    5    6   14       1    2    3    4    6    7   12      67    7
    1    2    3    4    5    6   12       1    2    3    4    6    7   14      68    7
    1    2    3    4    5    7   11       1    2    3    4    6    7   14      69    7
    1    2    3    4    6   12   14       1    2    3    4    5    6    7      70    7
    1    2    3    4    7   11   14       1    2    3    4    5    6    7      71    7
    1    2    3    4    5    6    7       1    2    3    4    6   12   14      72    7
    1    2    3    4    5    6    7       1    2    3    4    7   11   14      73    7
    1    2    4    5    6    7   24       1    2    3    4    5    6    8      74    8
    1    2    4    5    6    7   24       1    2    3    4    5    7    9      75    8
    1    2    4    5    6    7   23       1    2    3    4    5    7    8      76    8
    1    2    4    5    6    7   23       1    2    3    4    5    6    9      77    8
    1    2    4    5    6    7    8       1    2    3    4    5    6   24      78    8
    1    2    4    5    6    7    8       1    2    3    4    5    7   23      79    8
    1    2    4    5    6    7    9       1    2    3    4    5    7   24      80    8
    1    2    4    5    6    7    9       1    2    3    4    5    6   23      81    8
    1    2    3    4    5    7   24       1    2    4    5    6    7    9      82    8
    1    2    3    4    5    6   24       1    2    4    5    6    7    8      83    8
    1    2    3    4    5    7   23       1    2    4    5    6    7    8      84    8
    1    2    3    4    5    6   23       1    2    4    5    6    7    9      85    8
    1    2    3    4    5    7    8       1    2    4    5    6    7   23      86    8
    1    2    3    4    5    6    8       1    2    4    5    6    7   24      87    8
    1    2    3    4    5    7    9       1    2    4    5    6    7   24      88    8
    1    2    3    4    5    6    9       1    2    4    5    6    7   23      89    8
    1    2    4    5    6    8   24       1    2    3    4    5    6    7      90    8
    1    2    4    5    7    9   24       1    2    3    4    5    6    7      91    8
    1    2    4    5    7    8   23       1    2    3    4    5    6    7      92    8
    1    2    4    5    6    9   23       1    2    3    4    5    6    7      93    8
    1    2    3    4    5    6    7       1    2    4    5    6    8   24      94    8
    1    2    3    4    5    6    7       1    2    4    5    7    9   24      95    8
    1    2    3    4    5    6    7       1    2    4    5    7    8   23      96    8
    1    2    3    4    5    6    7       1    2    4    5    6    9   23      97    8
    1    2    3    4    6    7   10       1    2    3    4    6    7   10      98    9
    1    2    3    5    6    7   12       1    2    3    4    6    7    8      99   10
    1    2    3    5    6    7   11       1    2    3    4    6    7    9     100   10
    1    2    3    5    6    7    8       1    2    3    4    6    7   12     101   10
    1    2    3    5    6    7    9       1    2    3    4    6    7   11     102   10
    1    2    3    4    6    7   12       1    2    3    5    6    7    8     103   10
    1    2    3    4    6    7   11       1    2    3    5    6    7    9     104   10
    1    2    3    4    6    7    8       1    2    3    5    6    7   12     105   10
    1    2    3    4    6    7    9       1    2    3    5    6    7   11     106   10
    1    2    3    6    7    8   12       1    2    3    4    5    6    7     107   10
    1    2    3    6    7    9   11       1    2    3    4    5    6    7     108   10
    1    2    3    4    5    6    7       1    2    3    6    7    8   12     109   10
    1    2    3    4    5    6    7       1    2    3    6    7    9   11     110   10
    1    2    4    5    6    7   22       1    2    3    5    6    7    8     111   11
    1    2    4    5    6    7   21       1    2    3    5    6    7    9     112   11
    1    2    4    5    6    7    8       1    2    3    5    6    7   22     113   11
    1    2    4    5    6    7    9       1    2    3    5    6    7   21     114   11
    1    2    3    5    6    7   22       1    2    4    5    6    7    8     115   11
    1    2    3    5    6    7   21       1    2    4    5    6    7    9     116   11
    1    2    3    5    6    7    8       1    2    4    5    6    7   22     117   11
    1    2    3    5    6    7    9       1    2    4    5    6    7   21     118   11
    1    2    5    6    7    8   22       1    2    3    4    5    6    7     119   11
    1    2    5    6    7    9   21       1    2    3    4    5    6    7     120   11
    1    2    3    4    5    6    7       1    2    5    6    7    8   22     121   11
    1    2    3    4    5    6    7       1    2    5    6    7    9   21     122   11
    1    2    4    5    6    7   17       1    2    3    4    5    6    8     123   12
    1    2    4    5    6    7   17       1    2    3    4    5    7    9     124   12
    1    2    4    5    6    7    8       1    2    3    4    5    6   17     125   12
    1    2    4    5    6    7    9       1    2    3    4    5    7   17     126   12
    1    2    3    4    5    7   17       1    2    4    5    6    7    9     127   12
    1    2    3    4    5    6   17       1    2    4    5    6    7    8     128   12
    1    2    3    4    5    6    8       1    2    4    5    6    7   17     129   12
    1    2    3    4    5    7    9       1    2    4    5    6    7   17     130   12
    1    2    4    5    6    8   17       1    2    3    4    5    6    7     131   12
    1    2    4    5    7    9   17       1    2    3    4    5    6    7     132   12
    1    2    3    4    5    6    7       1    2    4    5    6    8   17     133   12
    1    2    3    4    5    6    7       1    2    4    5    7    9   17     134   12
    1    2    3    4    6    7   18       1    2    3    4    5    6   12     135   13
    1    2    3    4    6    7   18       1    2    3    4    5    7   11     136   13
    1    2    3    4    6    7   19       1    2    3    4    5    7   12     137   13
    1    2    3    4    6    7   19       1    2    3    4    5    6   11     138   13
    1    2    3    4    6    7   12       1    2    3    4    5    6   18     139   13
    1    2    3    4    6    7   12       1    2    3    4    5    7   19     140   13
    1    2    3    4    6    7   11       1    2    3    4    5    7   18     141   13
    1    2    3    4    6    7   11       1    2    3    4    5    6   19     142   13
    1    2    3    4    5    7   18       1    2    3    4    6    7   11     143   13
    1    2    3    4    5    6   18       1    2    3    4    6    7   12     144   13
    1    2    3    4    5    7   19       1    2    3    4    6    7   12     145   13
    1    2    3    4    5    6   19       1    2    3    4    6    7   11     146   13
    1    2    3    4    5    7   12       1    2    3    4    6    7   19     147   13
    1    2    3    4    5    6   12       1    2    3    4    6    7   18     148   13
    1    2    3    4    5    7   11       1    2    3    4    6    7   18     149   13
    1    2    3    4    5    6   11       1    2    3    4    6    7   19     150   13
    1    2    3    4    6   12   18       1    2    3    4    5    6    7     151   13
    1    2    3    4    7   11   18       1    2    3    4    5    6    7     152   13
    1    2    3    4    7   12   19       1    2    3    4    5    6    7     153   13
    1    2    3    4    6   11   19       1    2    3    4    5    6    7     154   13
    1    2    3    4    5    6    7       1    2    3    4    6   12   18     155   13
    1    2    3    4    5    6    7       1    2    3    4    7   11   18     156   13
    1    2    3    4    5    6    7       1    2    3    4    7   12   19     157   13
    1    2    3    4    5    6    7       1    2    3    4    6   11   19     158   13
    1    2    4    5    6    7    8       1    2    4    5    6    7    8     159   14
    1    2    4    5    6    7    9       1    2    4    5    6    7    9     160   14
    1    2    4    5    6    7   10       1    2    3    4    5    6    8     203   20
    1    2    4    5    6    7   10       1    2    3    4    5    7    9     204   20
    1    2    4    5    6    7    8       1    2    3    4    5    6   10     205   20
    1    2    4    5    6    7    9       1    2    3    4    5    7   10     206   20
    1    2    3    4    5    7   10       1    2    4    5    6    7    9     207   20
    1    2    3    4    5    6   10       1    2    4    5    6    7    8     208   20
    1    2    3    4    5    6    8       1    2    4    5    6    7   10     209   20
    1    2    3    4    5    7    9       1    2    4    5    6    7   10     210   20
    1    2    4    5    6    8   10       1    2    3    4    5    6    7     211   20
    1    2    4    5    7    9   10       1    2    3    4    5    6    7     212   20
    1    2    3    4    5    6    7       1    2    4    5    6    8   10     213   20
    1    2    3    4    5    6    7       1    2    4    5    7    9   10     214   20
    1    2    3    5    6    7   14       1    2    3    4    5    6    8     215   21
    1    2    3    5    6    7   14       1    2    3    4    5    7    9     216   21
    1    2    3    5    6    7    8       1    2    3    4    5    6   14     217   21
    1    2    3    5    6    7    9       1    2    3    4    5    7   14     218   21
    1    2    3    4    5    7   14       1    2    3    5    6    7    9     219   21
    1    2    3    4    5    6   14       1    2    3    5    6    7    8     220   21
    1    2    3    4    5    6    8       1    2    3    5    6    7   14     221   21
    1    2    3    4    5    7    9       1    2    3    5    6    7   14     222   21
    1    2    3    5    6    8   14       1    2    3    4    5    6    7     223   21
    1    2    3    5    7    9   14       1    2    3    4    5    6    7     224   21
    1    2    3    4    5    6    7       1    2    3    5    6    8   14     225   21
    1    2    3    4    5    6    7       1    2    3    5    7    9   14     226   21
    1    2    3    4    5    8    9       1    2    3    4    5    8    9     231   22
    1    2    4    5    6    7    8       1    2    3    4    6    7    8     359   39
    1    2    4    5    6    7    9       1    2    3    4    6    7    9     360   39
    1    2    3    4    6    7    8       1    2    4    5    6    7    8     361   39
    1    2    3    4    6    7    9       1    2    4    5    6    7    9     362   39
   20 ncsf
    1 (iwdet_in_csf(idet_in_csf,icsf),idet_in_csf=1,ndet_in_csf(icsf))
 -1.00000000 (cdet_in_csf(idet_in_csf,icsf),idet_in_csf=1,ndet_in_csf(icsf))
    2    3    4    5    6    7    8    9 (iwdet_in_csf(idet_in_csf,icsf),idet_in_csf=1,ndet_in_csf(icsf))
 -0.35355339 -0.35355339  0.35355339 -0.35355339 -0.35355339  0.35355339 -0.35355339 -0.35355339 (cdet_in_csf(idet_in_csf,icsf),idet_in_csf=1,ndet_in_csf(icsf))
    2    4    7    9 (iwdet_in_csf(idet_in_csf,icsf),idet_in_csf=1,ndet_in_csf(icsf))
  0.50000000  0.50000000  0.50000000  0.50000000 (cdet_in_csf(idet_in_csf,icsf),idet_in_csf=1,ndet_in_csf(icsf))
   10   11   12   13   14   15   16   17   18   19   20   21 (iwdet_in_csf(idet_in_csf,icsf),idet_in_csf=1,ndet_in_csf(icsf))
 -0.39071557  0.39071557 -0.09285897  0.09285897  0.09285897 -0.09285897 -0.39071557  0.39071557 -0.29785660  0.29785660 -0.29785660  0.29785660 (cdet_in_csf(idet_in_csf,icsf),idet_in_csf=1,ndet_in_csf(icsf))
   22    3    5    6    8   23 (iwdet_in_csf(idet_in_csf,icsf),idet_in_csf=1,ndet_in_csf(icsf))
 -0.57735027  0.28867513 -0.28867513 -0.28867513  0.28867513 -0.57735027 (cdet_in_csf(idet_in_csf,icsf),idet_in_csf=1,ndet_in_csf(icsf))
   24   25   26   27   28   29   30   31   32   33   34   35   36   37   38   39   40   41   42   43   44   45   46   47 (iwdet_in_csf(idet_in_csf,icsf),idet_in_csf=1,ndet_in_csf(icsf))
  0.12766187  0.12766187 -0.12766187  0.12766187  0.28805590 -0.28805590  0.28805590  0.28805590  0.28805590  0.28805590 -0.28805590  0.28805590 -0.12766187  0.12766187  0.12766187  0.12766187 -0.16039403 -0.16039403  0.16039403 -0.16039403 -0.16039403 -0.16039403  0.16039403 -0.16039403 (cdet_in_csf(idet_in_csf,icsf),idet_in_csf=1,ndet_in_csf(icsf))
   48   49 (iwdet_in_csf(idet_in_csf,icsf),idet_in_csf=1,ndet_in_csf(icsf))
  0.70710678  0.70710678 (cdet_in_csf(idet_in_csf,icsf),idet_in_csf=1,ndet_in_csf(icsf))
   50   51   52   53   54   55   56   57   58   59   60   61 (iwdet_in_csf(idet_in_csf,icsf),idet_in_csf=1,ndet_in_csf(icsf))
  0.39914317 -0.39914317  0.12531831 -0.12531831 -0.12531831  0.12531831  0.39914317 -0.39914317  0.27382486 -0.27382486  0.27382486 -0.27382486 (cdet_in_csf(idet_in_csf,icsf),idet_in_csf=1,ndet_in_csf(icsf))
   62   63   64   65   66   67   68   69   70   71   72   73 (iwdet_in_csf(idet_in_csf,icsf),idet_in_csf=1,ndet_in_csf(icsf))
 -0.32383657  0.32383657  0.05336620 -0.05336620 -0.05336620  0.05336620 -0.32383657  0.32383657 -0.37720277  0.37720277 -0.37720277  0.37720277 (cdet_in_csf(idet_in_csf,icsf),idet_in_csf=1,ndet_in_csf(icsf))
   74   75   76   77   78   79   80   81   82   83   84   85   86   87   88   89   90   91   92   93   94   95   96   97 (iwdet_in_csf(idet_in_csf,icsf),idet_in_csf=1,ndet_in_csf(icsf))
 -0.16445496 -0.16445496  0.16445496 -0.16445496 -0.28769262  0.28769262 -0.28769262 -0.28769262 -0.28769262 -0.28769262  0.28769262 -0.28769262  0.16445496 -0.16445496 -0.16445496 -0.16445496  0.12323766  0.12323766 -0.12323766  0.12323766  0.12323766  0.12323766 -0.12323766  0.12323766 (cdet_in_csf(idet_in_csf,icsf),idet_in_csf=1,ndet_in_csf(icsf))
   98 (iwdet_in_csf(idet_in_csf,icsf),idet_in_csf=1,ndet_in_csf(icsf))
  1.00000000 (cdet_in_csf(idet_in_csf,icsf),idet_in_csf=1,ndet_in_csf(icsf))
   99  100  101  102  103  104  105  106  107  108  109  110 (iwdet_in_csf(idet_in_csf,icsf),idet_in_csf=1,ndet_in_csf(icsf))
  0.14905377  0.14905377  0.40367310  0.40367310  0.40367310  0.40367310  0.14905377  0.14905377 -0.25461933 -0.25461933 -0.25461933 -0.25461933 (cdet_in_csf(idet_in_csf,icsf),idet_in_csf=1,ndet_in_csf(icsf))
  111  112  113  114  115  116  117  118  119  120  121  122 (iwdet_in_csf(idet_in_csf,icsf),idet_in_csf=1,ndet_in_csf(icsf))
 -0.31540038 -0.31540038 -0.38218171 -0.38218171 -0.38218171 -0.38218171 -0.31540038 -0.31540038  0.06678133  0.06678133  0.06678133  0.06678133 (cdet_in_csf(idet_in_csf,icsf),idet_in_csf=1,ndet_in_csf(icsf))
  123  124  125  126  127  128  129  130  131  132  133  134 (iwdet_in_csf(idet_in_csf,icsf),idet_in_csf=1,ndet_in_csf(icsf))
 -0.40406687  0.40406687 -0.25250593  0.25250593  0.25250593 -0.25250593 -0.40406687  0.40406687 -0.15156095  0.15156095 -0.15156095  0.15156095 (cdet_in_csf(idet_in_csf,icsf),idet_in_csf=1,ndet_in_csf(icsf))
  135  136  137  138  139  140  141  142  143  144  145  146  147  148  149  150  151  152  153  154  155  156  157  158 (iwdet_in_csf(idet_in_csf,icsf),idet_in_csf=1,ndet_in_csf(icsf))
  0.06161229  0.06161229 -0.06161229  0.06161229  0.27504567 -0.27504567  0.27504567  0.27504567  0.27504567  0.27504567 -0.27504567  0.27504567 -0.06161229  0.06161229  0.06161229  0.06161229 -0.21343337 -0.21343337  0.21343337 -0.21343337 -0.21343337 -0.21343337  0.21343337 -0.21343337 (cdet_in_csf(idet_in_csf,icsf),idet_in_csf=1,ndet_in_csf(icsf))
  159  160 (iwdet_in_csf(idet_in_csf,icsf),idet_in_csf=1,ndet_in_csf(icsf))
  0.70710678  0.70710678 (cdet_in_csf(idet_in_csf,icsf),idet_in_csf=1,ndet_in_csf(icsf))
  161  162  163  164  165  166  167  168  169  170  171  172 (iwdet_in_csf(idet_in_csf,icsf),idet_in_csf=1,ndet_in_csf(icsf))
  0.16740954 -0.16740954  0.40616490 -0.40616490 -0.40616490  0.40616490  0.16740954 -0.16740954 -0.23875536  0.23875536 -0.23875536  0.23875536 (cdet_in_csf(idet_in_csf,icsf),idet_in_csf=1,ndet_in_csf(icsf))
  173  174  175  176  177  178  179  180  181  182  183  184 (iwdet_in_csf(idet_in_csf,icsf),idet_in_csf=1,ndet_in_csf(icsf))
  0.06930383 -0.06930383  0.38307369 -0.38307369 -0.38307369  0.38307369  0.06930383 -0.06930383 -0.31376986  0.31376986 -0.31376986  0.31376986 (cdet_in_csf(idet_in_csf,icsf),idet_in_csf=1,ndet_in_csf(icsf))
  185 (iwdet_in_csf(idet_in_csf,icsf),idet_in_csf=1,ndet_in_csf(icsf))
 -1.00000000 (cdet_in_csf(idet_in_csf,icsf),idet_in_csf=1,ndet_in_csf(icsf))
  186  187  188  189 (iwdet_in_csf(idet_in_csf,icsf),idet_in_csf=1,ndet_in_csf(icsf))
  0.50000000  0.50000000  0.50000000  0.50000000 (cdet_in_csf(idet_in_csf,icsf),idet_in_csf=1,ndet_in_csf(icsf))

  0.93987806  0.11783961  0.11805565  0.06296057  0.07614939  0.05534862  0.06384096  0.04285225  0.02124282  0.02765715  0.02122568  0.03166628  0.03462561  0.02786809  0.02031911  0.03295316  0.02823571  0.02247665  0.02292093  0.01930109 (csf_coef(icsf),icsf=1,ncsf)
           1           8           4          12           6          24           2          12          12          24           1          12          12          12          24           2          12          12           1           4 (ndet_in_csf(icsf),icsf=1,ncsf)
Move the previous 2 lines after the 1st line
