    1    2    3    4    5    6    7       1    2    3    4    5    6    7       1    1
    1    2    3    4    5    7    8       1    2    3    4    5    7    8       2    2
    1    2    3    4    5    7    8       1    2    3    4    5    6    9       3    2
    1    2    3    4    5    6    8       1    2    3    4    5    6    8       4    2
    1    2    3    4    5    6    8       1    2    3    4    5    7    9       5    2
    1    2    3    4    5    7    9       1    2    3    4    5    6    8       6    2
    1    2    3    4    5    7    9       1    2    3    4    5    7    9       7    2
    1    2    3    4    5    6    9       1    2    3    4    5    7    8       8    2
    1    2    3    4    5    6    9       1    2    3    4    5    6    9       9    2
    1    2    3    4    6    7   10       1    2    3    4    5    6    8      10    3
    1    2    3    4    6    7   10       1    2    3    4    5    7    9      11    3
    1    2    3    4    6    7    8       1    2    3    4    5    6   10      12    3
    1    2    3    4    6    7    9       1    2    3    4    5    7   10      13    3
    1    2    3    4    5    7   10       1    2    3    4    6    7    9      14    3
    1    2    3    4    5    6   10       1    2    3    4    6    7    8      15    3
    1    2    3    4    5    6    8       1    2    3    4    6    7   10      16    3
    1    2    3    4    5    7    9       1    2    3    4    6    7   10      17    3
    1    2    3    4    6    8   10       1    2    3    4    5    6    7      18    3
    1    2    3    4    7    9   10       1    2    3    4    5    6    7      19    3
    1    2    3    4    5    6    7       1    2    3    4    6    8   10      20    3
    1    2    3    4    5    6    7       1    2    3    4    7    9   10      21    3
    1    2    3    4    5    8    9       1    2    3    4    5    6    7      22    2
    1    2    3    4    5    6    7       1    2    3    4    5    8    9      23    2
    1    2    3    5    6    7   18       1    2    3    4    5    6    8      24    4
    1    2    3    5    6    7   18       1    2    3    4    5    7    9      25    4
    1    2    3    5    6    7   19       1    2    3    4    5    7    8      26    4
    1    2    3    5    6    7   19       1    2    3    4    5    6    9      27    4
    1    2    3    5    6    7    8       1    2    3    4    5    6   18      28    4
    1    2    3    5    6    7    8       1    2    3    4    5    7   19      29    4
    1    2    3    5    6    7    9       1    2    3    4    5    7   18      30    4
    1    2    3    5    6    7    9       1    2    3    4    5    6   19      31    4
    1    2    3    4    5    7   18       1    2    3    5    6    7    9      32    4
    1    2    3    4    5    6   18       1    2    3    5    6    7    8      33    4
    1    2    3    4    5    7   19       1    2    3    5    6    7    8      34    4
    1    2    3    4    5    6   19       1    2    3    5    6    7    9      35    4
    1    2    3    4    5    7    8       1    2    3    5    6    7   19      36    4
    1    2    3    4    5    6    8       1    2    3    5    6    7   18      37    4
    1    2    3    4    5    7    9       1    2    3    5    6    7   18      38    4
    1    2    3    4    5    6    9       1    2    3    5    6    7   19      39    4
    1    2    3    5    6    8   18       1    2    3    4    5    6    7      40    4
    1    2    3    5    7    9   18       1    2    3    4    5    6    7      41    4
    1    2    3    5    7    8   19       1    2    3    4    5    6    7      42    4
    1    2    3    5    6    9   19       1    2    3    4    5    6    7      43    4
    1    2    3    4    5    6    7       1    2    3    5    6    8   18      44    4
    1    2    3    4    5    6    7       1    2    3    5    7    9   18      45    4
    1    2    3    4    5    6    7       1    2    3    5    7    8   19      46    4
    1    2    3    4    5    6    7       1    2    3    5    6    9   19      47    4
    1    2    3    5    6    7    8       1    2    3    5    6    7    8      48    5
    1    2    3    5    6    7    9       1    2    3    5    6    7    9      49    5
    1    2    3    5    6    7   13       1    2    3    4    5    6    8      50    6
    1    2    3    5    6    7   13       1    2    3    4    5    7    9      51    6
    1    2    3    5    6    7    8       1    2    3    4    5    6   13      52    6
    1    2    3    5    6    7    9       1    2    3    4    5    7   13      53    6
    1    2    3    4    5    7   13       1    2    3    5    6    7    9      54    6
    1    2    3    4    5    6   13       1    2    3    5    6    7    8      55    6
    1    2    3    4    5    6    8       1    2    3    5    6    7   13      56    6
    1    2    3    4    5    7    9       1    2    3    5    6    7   13      57    6
    1    2    3    5    6    8   13       1    2    3    4    5    6    7      58    6
    1    2    3    5    7    9   13       1    2    3    4    5    6    7      59    6
    1    2    3    4    5    6    7       1    2    3    5    6    8   13      60    6
    1    2    3    4    5    6    7       1    2    3    5    7    9   13      61    6
    1    2    3    4    6    7   14       1    2    3    4    5    6   12      62    7
    1    2    3    4    6    7   14       1    2    3    4    5    7   11      63    7
    1    2    3    4    6    7   12       1    2    3    4    5    6   14      64    7
    1    2    3    4    6    7   11       1    2    3    4    5    7   14      65    7
    1    2    3    4    5    7   14       1    2    3    4    6    7   11      66    7
    1    2    3    4    5    6   14       1    2    3    4    6    7   12      67    7
    1    2    3    4    5    6   12       1    2    3    4    6    7   14      68    7
    1    2    3    4    5    7   11       1    2    3    4    6    7   14      69    7
    1    2    3    4    6   12   14       1    2    3    4    5    6    7      70    7
    1    2    3    4    7   11   14       1    2    3    4    5    6    7      71    7
    1    2    3    4    5    6    7       1    2    3    4    6   12   14      72    7
    1    2    3    4    5    6    7       1    2    3    4    7   11   14      73    7
    1    2    4    5    6    7   24       1    2    3    4    5    6    8      74    8
    1    2    4    5    6    7   24       1    2    3    4    5    7    9      75    8
    1    2    4    5    6    7   23       1    2    3    4    5    7    8      76    8
    1    2    4    5    6    7   23       1    2    3    4    5    6    9      77    8
    1    2    4    5    6    7    8       1    2    3    4    5    6   24      78    8
    1    2    4    5    6    7    8       1    2    3    4    5    7   23      79    8
    1    2    4    5    6    7    9       1    2    3    4    5    7   24      80    8
    1    2    4    5    6    7    9       1    2    3    4    5    6   23      81    8
    1    2    3    4    5    7   24       1    2    4    5    6    7    9      82    8
    1    2    3    4    5    6   24       1    2    4    5    6    7    8      83    8
    1    2    3    4    5    7   23       1    2    4    5    6    7    8      84    8
    1    2    3    4    5    6   23       1    2    4    5    6    7    9      85    8
    1    2    3    4    5    7    8       1    2    4    5    6    7   23      86    8
    1    2    3    4    5    6    8       1    2    4    5    6    7   24      87    8
    1    2    3    4    5    7    9       1    2    4    5    6    7   24      88    8
    1    2    3    4    5    6    9       1    2    4    5    6    7   23      89    8
    1    2    4    5    6    8   24       1    2    3    4    5    6    7      90    8
    1    2    4    5    7    9   24       1    2    3    4    5    6    7      91    8
    1    2    4    5    7    8   23       1    2    3    4    5    6    7      92    8
    1    2    4    5    6    9   23       1    2    3    4    5    6    7      93    8
    1    2    3    4    5    6    7       1    2    4    5    6    8   24      94    8
    1    2    3    4    5    6    7       1    2    4    5    7    9   24      95    8
    1    2    3    4    5    6    7       1    2    4    5    7    8   23      96    8
    1    2    3    4    5    6    7       1    2    4    5    6    9   23      97    8
    1    2    3    4    6    7   10       1    2    3    4    6    7   10      98    9
    1    2    3    5    6    7   12       1    2    3    4    6    7    8      99   10
    1    2    3    5    6    7   11       1    2    3    4    6    7    9     100   10
    1    2    3    5    6    7    8       1    2    3    4    6    7   12     101   10
    1    2    3    5    6    7    9       1    2    3    4    6    7   11     102   10
    1    2    3    4    6    7   12       1    2    3    5    6    7    8     103   10
    1    2    3    4    6    7   11       1    2    3    5    6    7    9     104   10
    1    2    3    4    6    7    8       1    2    3    5    6    7   12     105   10
    1    2    3    4    6    7    9       1    2    3    5    6    7   11     106   10
    1    2    3    6    7    8   12       1    2    3    4    5    6    7     107   10
    1    2    3    6    7    9   11       1    2    3    4    5    6    7     108   10
    1    2    3    4    5    6    7       1    2    3    6    7    8   12     109   10
    1    2    3    4    5    6    7       1    2    3    6    7    9   11     110   10
    1    2    4    5    6    7   22       1    2    3    5    6    7    8     111   11
    1    2    4    5    6    7   21       1    2    3    5    6    7    9     112   11
    1    2    4    5    6    7    8       1    2    3    5    6    7   22     113   11
    1    2    4    5    6    7    9       1    2    3    5    6    7   21     114   11
    1    2    3    5    6    7   22       1    2    4    5    6    7    8     115   11
    1    2    3    5    6    7   21       1    2    4    5    6    7    9     116   11
    1    2    3    5    6    7    8       1    2    4    5    6    7   22     117   11
    1    2    3    5    6    7    9       1    2    4    5    6    7   21     118   11
    1    2    5    6    7    8   22       1    2    3    4    5    6    7     119   11
    1    2    5    6    7    9   21       1    2    3    4    5    6    7     120   11
    1    2    3    4    5    6    7       1    2    5    6    7    8   22     121   11
    1    2    3    4    5    6    7       1    2    5    6    7    9   21     122   11
    1    2    4    5    6    7   17       1    2    3    4    5    6    8     123   12
    1    2    4    5    6    7   17       1    2    3    4    5    7    9     124   12
    1    2    4    5    6    7    8       1    2    3    4    5    6   17     125   12
    1    2    4    5    6    7    9       1    2    3    4    5    7   17     126   12
    1    2    3    4    5    7   17       1    2    4    5    6    7    9     127   12
    1    2    3    4    5    6   17       1    2    4    5    6    7    8     128   12
    1    2    3    4    5    6    8       1    2    4    5    6    7   17     129   12
    1    2    3    4    5    7    9       1    2    4    5    6    7   17     130   12
    1    2    4    5    6    8   17       1    2    3    4    5    6    7     131   12
    1    2    4    5    7    9   17       1    2    3    4    5    6    7     132   12
    1    2    3    4    5    6    7       1    2    4    5    6    8   17     133   12
    1    2    3    4    5    6    7       1    2    4    5    7    9   17     134   12
    1    2    3    4    6    7   18       1    2    3    4    5    6   12     135   13
    1    2    3    4    6    7   18       1    2    3    4    5    7   11     136   13
    1    2    3    4    6    7   19       1    2    3    4    5    7   12     137   13
    1    2    3    4    6    7   19       1    2    3    4    5    6   11     138   13
    1    2    3    4    6    7   12       1    2    3    4    5    6   18     139   13
    1    2    3    4    6    7   12       1    2    3    4    5    7   19     140   13
    1    2    3    4    6    7   11       1    2    3    4    5    7   18     141   13
    1    2    3    4    6    7   11       1    2    3    4    5    6   19     142   13
    1    2    3    4    5    7   18       1    2    3    4    6    7   11     143   13
    1    2    3    4    5    6   18       1    2    3    4    6    7   12     144   13
    1    2    3    4    5    7   19       1    2    3    4    6    7   12     145   13
    1    2    3    4    5    6   19       1    2    3    4    6    7   11     146   13
    1    2    3    4    5    7   12       1    2    3    4    6    7   19     147   13
    1    2    3    4    5    6   12       1    2    3    4    6    7   18     148   13
    1    2    3    4    5    7   11       1    2    3    4    6    7   18     149   13
    1    2    3    4    5    6   11       1    2    3    4    6    7   19     150   13
    1    2    3    4    6   12   18       1    2    3    4    5    6    7     151   13
    1    2    3    4    7   11   18       1    2    3    4    5    6    7     152   13
    1    2    3    4    7   12   19       1    2    3    4    5    6    7     153   13
    1    2    3    4    6   11   19       1    2    3    4    5    6    7     154   13
    1    2    3    4    5    6    7       1    2    3    4    6   12   18     155   13
    1    2    3    4    5    6    7       1    2    3    4    7   11   18     156   13
    1    2    3    4    5    6    7       1    2    3    4    7   12   19     157   13
    1    2    3    4    5    6    7       1    2    3    4    6   11   19     158   13
    1    2    4    5    6    7    8       1    2    4    5    6    7    8     159   14
    1    2    4    5    6    7    9       1    2    4    5    6    7    9     160   14
    1    2    4    5    6    7   22       1    2    3    4    5    6   13     161   15
    1    2    4    5    6    7   21       1    2    3    4    5    7   13     162   15
    1    2    4    5    6    7   13       1    2    3    4    5    6   22     163   15
    1    2    4    5    6    7   13       1    2    3    4    5    7   21     164   15
    1    2    3    4    5    6   22       1    2    4    5    6    7   13     165   15
    1    2    3    4    5    7   21       1    2    4    5    6    7   13     166   15
    1    2    3    4    5    7   13       1    2    4    5    6    7   21     167   15
    1    2    3    4    5    6   13       1    2    4    5    6    7   22     168   15
    1    2    4    5    6   13   22       1    2    3    4    5    6    7     169   15
    1    2    4    5    7   13   21       1    2    3    4    5    6    7     170   15
    1    2    3    4    5    6    7       1    2    4    5    6   13   22     171   15
    1    2    3    4    5    6    7       1    2    4    5    7   13   21     172   15
    1    2    4    5    6    7   17       1    2    3    5    6    7   13     173   16
    1    2    4    5    6    7   13       1    2    3    5    6    7   17     174   16
    1    2    3    5    6    7   17       1    2    4    5    6    7   13     175   16
    1    2    3    5    6    7   13       1    2    4    5    6    7   17     176   16
    1    2    5    6    7   13   17       1    2    3    4    5    6    7     177   16
    1    2    3    4    5    6    7       1    2    5    6    7   13   17     178   16
    1    2    3    5    6    7   22       1    2    3    4    5    6   17     179   17
    1    2    3    5    6    7   21       1    2    3    4    5    7   17     180   17
    1    2    3    5    6    7   17       1    2    3    4    5    6   22     181   17
    1    2    3    5    6    7   17       1    2    3    4    5    7   21     182   17
    1    2    3    4    5    6   22       1    2    3    5    6    7   17     183   17
    1    2    3    4    5    7   21       1    2    3    5    6    7   17     184   17
    1    2    3    4    5    7   17       1    2    3    5    6    7   21     185   17
    1    2    3    4    5    6   17       1    2    3    5    6    7   22     186   17
    1    2    3    5    6   17   22       1    2    3    4    5    6    7     187   17
    1    2    3    5    7   17   21       1    2    3    4    5    6    7     188   17
    1    2    3    4    5    6    7       1    2    3    5    6   17   22     189   17
    1    2    3    4    5    6    7       1    2    3    5    7   17   21     190   17
    1    2    3    4    5   18   19       1    2    3    4    5    6    7     191   18
    1    2    3    4    5    7   18       1    2    3    4    5    6   19     192   18
    1    2    3    4    5    6   18       1    2    3    4    5    7   19     193   18
    1    2    3    4    5    7   19       1    2    3    4    5    6   18     194   18
    1    2    3    4    5    6   19       1    2    3    4    5    7   18     195   18
    1    2    3    4    5    6    7       1    2    3    4    5   18   19     196   18
    1    2    3    5    6    7   13       1    2    3    4    6    7   10     197   19
    1    2    3    5    6    7   10       1    2    3    4    6    7   13     198   19
    1    2    3    4    6    7   13       1    2    3    5    6    7   10     199   19
    1    2    3    4    6    7   10       1    2    3    5    6    7   13     200   19
    1    2    3    6    7   10   13       1    2    3    4    5    6    7     201   19
    1    2    3    4    5    6    7       1    2    3    6    7   10   13     202   19
    1    2    4    5    6    7   10       1    2    3    4    5    6    8     203   20
    1    2    4    5    6    7   10       1    2    3    4    5    7    9     204   20
    1    2    4    5    6    7    8       1    2    3    4    5    6   10     205   20
    1    2    4    5    6    7    9       1    2    3    4    5    7   10     206   20
    1    2    3    4    5    7   10       1    2    4    5    6    7    9     207   20
    1    2    3    4    5    6   10       1    2    4    5    6    7    8     208   20
    1    2    3    4    5    6    8       1    2    4    5    6    7   10     209   20
    1    2    3    4    5    7    9       1    2    4    5    6    7   10     210   20
    1    2    4    5    6    8   10       1    2    3    4    5    6    7     211   20
    1    2    4    5    7    9   10       1    2    3    4    5    6    7     212   20
    1    2    3    4    5    6    7       1    2    4    5    6    8   10     213   20
    1    2    3    4    5    6    7       1    2    4    5    7    9   10     214   20
    1    2    3    5    6    7   14       1    2    3    4    5    6    8     215   21
    1    2    3    5    6    7   14       1    2    3    4    5    7    9     216   21
    1    2    3    5    6    7    8       1    2    3    4    5    6   14     217   21
    1    2    3    5    6    7    9       1    2    3    4    5    7   14     218   21
    1    2    3    4    5    7   14       1    2    3    5    6    7    9     219   21
    1    2    3    4    5    6   14       1    2    3    5    6    7    8     220   21
    1    2    3    4    5    6    8       1    2    3    5    6    7   14     221   21
    1    2    3    4    5    7    9       1    2    3    5    6    7   14     222   21
    1    2    3    5    6    8   14       1    2    3    4    5    6    7     223   21
    1    2    3    5    7    9   14       1    2    3    4    5    6    7     224   21
    1    2    3    4    5    6    7       1    2    3    5    6    8   14     225   21
    1    2    3    4    5    6    7       1    2    3    5    7    9   14     226   21
    1    2    3    4    5    7   18       1    2    3    4    5    7   18     227   18
    1    2    3    4    5    6   18       1    2    3    4    5    6   18     228   18
    1    2    3    4    5    7   19       1    2    3    4    5    7   19     229   18
    1    2    3    4    5    6   19       1    2    3    4    5    6   19     230   18
    1    2    3    4    5    8    9       1    2    3    4    5    8    9     231   22
    1    2    3    4    6    8   10       1    2    3    4    5    8    9     232   23
    1    2    3    4    7    9   10       1    2    3    4    5    8    9     233   23
    1    2    3    4    7    8    9       1    2    3    4    5    9   10     234   23
    1    2    3    4    6    8    9       1    2    3    4    5    8   10     235   23
    1    2    3    4    5    8   10       1    2    3    4    6    8    9     236   23
    1    2    3    4    5    9   10       1    2    3    4    7    8    9     237   23
    1    2    3    4    5    8    9       1    2    3    4    6    8   10     238   23
    1    2    3    4    5    8    9       1    2    3    4    7    9   10     239   23
    1    2    3    4    8    9   10       1    2    3    4    5    6    8     240   23
    1    2    3    4    8    9   10       1    2    3    4    5    7    9     241   23
    1    2    3    4    5    6    8       1    2    3    4    8    9   10     242   23
    1    2    3    4    5    7    9       1    2    3    4    8    9   10     243   23
    1    2    4    5    6    7   15       1    2    3    4    6    7    8     244   24
    1    2    4    5    6    7   16       1    2    3    4    6    7    9     245   24
    1    2    4    5    6    7    8       1    2    3    4    6    7   15     246   24
    1    2    4    5    6    7    9       1    2    3    4    6    7   16     247   24
    1    2    3    4    6    7   15       1    2    4    5    6    7    8     248   24
    1    2    3    4    6    7   16       1    2    4    5    6    7    9     249   24
    1    2    3    4    6    7    8       1    2    4    5    6    7   15     250   24
    1    2    3    4    6    7    9       1    2    4    5    6    7   16     251   24
    1    2    4    6    7    8   15       1    2    3    4    5    6    7     252   24
    1    2    4    6    7    9   16       1    2    3    4    5    6    7     253   24
    1    2    3    4    5    6    7       1    2    4    6    7    8   15     254   24
    1    2    3    4    5    6    7       1    2    4    6    7    9   16     255   24
    1    2    3    4    5    7   12       1    2    3    4    5    7   12     256   25
    1    2    3    4    5    7   12       1    2    3    4    5    6   11     257   25
    1    2    3    4    5    6   12       1    2    3    4    5    6   12     258   25
    1    2    3    4    5    6   12       1    2    3    4    5    7   11     259   25
    1    2    3    4    5    7   11       1    2    3    4    5    6   12     260   25
    1    2    3    4    5    7   11       1    2    3    4    5    7   11     261   25
    1    2    3    4    5    6   11       1    2    3    4    5    7   12     262   25
    1    2    3    4    5    6   11       1    2    3    4    5    6   11     263   25
    1    2    3    4    6    7   14       1    2    3    4    6    7   14     276   27
    1    2    3    5    6    7   22       1    2    3    4    6    7    8     285   29
    1    2    3    5    6    7   21       1    2    3    4    6    7    9     286   29
    1    2    3    5    6    7    8       1    2    3    4    6    7   22     287   29
    1    2    3    5    6    7    9       1    2    3    4    6    7   21     288   29
    1    2    3    4    6    7   22       1    2    3    5    6    7    8     289   29
    1    2    3    4    6    7   21       1    2    3    5    6    7    9     290   29
    1    2    3    4    6    7    8       1    2    3    5    6    7   22     291   29
    1    2    3    4    6    7    9       1    2    3    5    6    7   21     292   29
    1    2    3    6    7    8   22       1    2    3    4    5    6    7     293   29
    1    2    3    6    7    9   21       1    2    3    4    5    6    7     294   29
    1    2    3    4    5    6    7       1    2    3    6    7    8   22     295   29
    1    2    3    4    5    6    7       1    2    3    6    7    9   21     296   29
    1    2    3    5    6    7   12       1    2    3    4    5    6   10     297   30
    1    2    3    5    6    7   11       1    2    3    4    5    7   10     298   30
    1    2    3    5    6    7   10       1    2    3    4    5    6   12     299   30
    1    2    3    5    6    7   10       1    2    3    4    5    7   11     300   30
    1    2    3    4    5    6   12       1    2    3    5    6    7   10     301   30
    1    2    3    4    5    7   11       1    2    3    5    6    7   10     302   30
    1    2    3    4    5    7   10       1    2    3    5    6    7   11     303   30
    1    2    3    4    5    6   10       1    2    3    5    6    7   12     304   30
    1    2    3    5    6   10   12       1    2    3    4    5    6    7     305   30
    1    2    3    5    7   10   11       1    2    3    4    5    6    7     306   30
    1    2    3    4    5    6    7       1    2    3    5    6   10   12     307   30
    1    2    3    4    5    6    7       1    2    3    5    7   10   11     308   30
    1    2    3    4    6    7   12       1    2    3    4    6    7   12     309   31
    1    2    3    4    6    7   11       1    2    3    4    6    7   11     310   31
    1    2    3    4    5    8   22       1    2    3    4    5    7    8     311   32
    1    2    3    4    5    8   22       1    2    3    4    5    6    9     312   32
    1    2    3    4    5    9   22       1    2    3    4    5    6    8     313   32
    1    2    3    4    5    9   22       1    2    3    4    5    7    9     314   32
    1    2    3    4    5    8   21       1    2    3    4    5    6    8     315   32
    1    2    3    4    5    8   21       1    2    3    4    5    7    9     316   32
    1    2    3    4    5    9   21       1    2    3    4    5    7    8     317   32
    1    2    3    4    5    9   21       1    2    3    4    5    6    9     318   32
    1    2    3    4    5    8    9       1    2    3    4    5    6   22     319   32
    1    2    3    4    5    8    9       1    2    3    4    5    7   21     320   32
    1    2    3    4    5    6   22       1    2    3    4    5    8    9     321   32
    1    2    3    4    5    7   21       1    2    3    4    5    8    9     322   32
    1    2    3    4    5    7    8       1    2    3    4    5    8   22     323   32
    1    2    3    4    5    7    8       1    2    3    4    5    9   21     324   32
    1    2    3    4    5    6    8       1    2    3    4    5    9   22     325   32
    1    2    3    4    5    6    8       1    2    3    4    5    8   21     326   32
    1    2    3    4    5    7    9       1    2    3    4    5    9   22     327   32
    1    2    3    4    5    7    9       1    2    3    4    5    8   21     328   32
    1    2    3    4    5    6    9       1    2    3    4    5    8   22     329   32
    1    2    3    4    5    6    9       1    2    3    4    5    9   21     330   32
    1    2    3    5    6    7   15       1    2    3    5    6    7    8     331   33
    1    2    3    5    6    7   16       1    2    3    5    6    7    9     332   33
    1    2    3    5    6    7    8       1    2    3    5    6    7   15     333   33
    1    2    3    5    6    7    9       1    2    3    5    6    7   16     334   33
    1    2    3    4    5    7   18       1    2    3    4    5    7   14     335   34
    1    2    3    4    5    6   18       1    2    3    4    5    6   14     336   34
    1    2    3    4    5    7   19       1    2    3    4    5    6   14     337   34
    1    2    3    4    5    6   19       1    2    3    4    5    7   14     338   34
    1    2    3    4    5    7   14       1    2    3    4    5    7   18     339   34
    1    2    3    4    5    7   14       1    2    3    4    5    6   19     340   34
    1    2    3    4    5    6   14       1    2    3    4    5    6   18     341   34
    1    2    3    4    5    6   14       1    2    3    4    5    7   19     342   34
    1    2    3    5    6    7   17       1    2    3    4    6    7   13     343   35
    1    2    3    5    6    7   13       1    2    3    4    6    7   17     344   35
    1    2    3    4    6    7   17       1    2    3    5    6    7   13     345   35
    1    2    3    4    6    7   13       1    2    3    5    6    7   17     346   35
    1    2    3    6    7   13   17       1    2    3    4    5    6    7     347   35
    1    2    3    4    5    6    7       1    2    3    6    7   13   17     348   35
    1    2    3    5    6    7   13       1    2    3    5    6    7   13     350   37
    1    2    3    4    5    7   22       1    2    3    4    5    7   22     351   38
    1    2    3    4    5    7   22       1    2    3    4    5    6   21     352   38
    1    2    3    4    5    6   22       1    2    3    4    5    6   22     353   38
    1    2    3    4    5    6   22       1    2    3    4    5    7   21     354   38
    1    2    3    4    5    7   21       1    2    3    4    5    6   22     355   38
    1    2    3    4    5    7   21       1    2    3    4    5    7   21     356   38
    1    2    3    4    5    6   21       1    2    3    4    5    7   22     357   38
    1    2    3    4    5    6   21       1    2    3    4    5    6   21     358   38
    1    2    4    5    6    7    8       1    2    3    4    6    7    8     359   39
    1    2    4    5    6    7    9       1    2    3    4    6    7    9     360   39
    1    2    3    4    6    7    8       1    2    4    5    6    7    8     361   39
    1    2    3    4    6    7    9       1    2    4    5    6    7    9     362   39
    1    2    3    4    6    7   22       1    2    3    4    5    6   13     376   42
    1    2    3    4    6    7   21       1    2    3    4    5    7   13     377   42
    1    2    3    4    6    7   13       1    2    3    4    5    6   22     378   42
    1    2    3    4    6    7   13       1    2    3    4    5    7   21     379   42
    1    2    3    4    5    6   22       1    2    3    4    6    7   13     380   42
    1    2    3    4    5    7   21       1    2    3    4    6    7   13     381   42
    1    2    3    4    5    7   13       1    2    3    4    6    7   21     382   42
    1    2    3    4    5    6   13       1    2    3    4    6    7   22     383   42
    1    2    3    4    6   13   22       1    2    3    4    5    6    7     384   42
    1    2    3    4    7   13   21       1    2    3    4    5    6    7     385   42
    1    2    3    4    5    6    7       1    2    3    4    6   13   22     386   42
    1    2    3    4    5    6    7       1    2    3    4    7   13   21     387   42
    1    2    3    4    6    7    8       1    2    3    4    6    7    8     472   49
    1    2    3    4    6    7    9       1    2    3    4    6    7    9     473   49
    1    2    3    4    5    7   10       1    2    3    4    5    7   10     596   55
    1    2    3    4    5    6   10       1    2    3    4    5    6   10     597   55
    1    2    3    5    6    7   14       1    2    3    4    6    7   10     624   58
    1    2    3    5    6    7   10       1    2    3    4    6    7   14     625   58
    1    2    3    4    6    7   14       1    2    3    5    6    7   10     626   58
    1    2    3    4    6    7   10       1    2    3    5    6    7   14     627   58
    1    2    3    6    7   10   14       1    2    3    4    5    6    7     628   58
    1    2    3    4    5    6    7       1    2    3    6    7   10   14     629   58
    1    2    4    5    7    8    9       1    2    3    5    6    7    8     660   61
    1    2    4    5    6    8    9       1    2    3    5    6    7    9     661   61
    1    2    4    5    6    7    8       1    2    3    5    7    8    9     662   61
    1    2    4    5    6    7    9       1    2    3    5    6    8    9     663   61
    1    2    3    5    7    8    9       1    2    4    5    6    7    8     664   61
    1    2    3    5    6    8    9       1    2    4    5    6    7    9     665   61
    1    2    3    5    6    7    8       1    2    4    5    7    8    9     666   61
    1    2    3    5    6    7    9       1    2    4    5    6    8    9     667   61
    1    2    5    6    7    8    9       1    2    3    4    5    7    8     668   61
    1    2    5    6    7    8    9       1    2    3    4    5    6    9     669   61
    1    2    3    4    5    7    8       1    2    5    6    7    8    9     670   61
    1    2    3    4    5    6    9       1    2    5    6    7    8    9     671   61
    1    2    3    5    6    7   10       1    2    3    5    6    7   10     786   68
    1    2    4    5    6    7   13       1    2    3    5    6    7   10     849   78
    1    2    4    5    6    7   10       1    2    3    5    6    7   13     850   78
    1    2    3    5    6    7   13       1    2    4    5    6    7   10     851   78
    1    2    3    5    6    7   10       1    2    4    5    6    7   13     852   78
    1    2    5    6    7   10   13       1    2    3    4    5    6    7     853   78
    1    2    3    4    5    6    7       1    2    5    6    7   10   13     854   78
   48 ncsf
    1 (iwdet_in_csf(idet_in_csf,icsf),idet_in_csf=1,ndet_in_csf(icsf))
 -1.00000000 (cdet_in_csf(idet_in_csf,icsf),idet_in_csf=1,ndet_in_csf(icsf))
    2    3    4    5    6    7    8    9 (iwdet_in_csf(idet_in_csf,icsf),idet_in_csf=1,ndet_in_csf(icsf))
 -0.35355339 -0.35355339  0.35355339 -0.35355339 -0.35355339  0.35355339 -0.35355339 -0.35355339 (cdet_in_csf(idet_in_csf,icsf),idet_in_csf=1,ndet_in_csf(icsf))
    2    4    7    9 (iwdet_in_csf(idet_in_csf,icsf),idet_in_csf=1,ndet_in_csf(icsf))
  0.50000000  0.50000000  0.50000000  0.50000000 (cdet_in_csf(idet_in_csf,icsf),idet_in_csf=1,ndet_in_csf(icsf))
   10   11   12   13   14   15   16   17   18   19   20   21 (iwdet_in_csf(idet_in_csf,icsf),idet_in_csf=1,ndet_in_csf(icsf))
 -0.39071557  0.39071557 -0.09285897  0.09285897  0.09285897 -0.09285897 -0.39071557  0.39071557 -0.29785660  0.29785660 -0.29785660  0.29785660 (cdet_in_csf(idet_in_csf,icsf),idet_in_csf=1,ndet_in_csf(icsf))
   22    3    5    6    8   23 (iwdet_in_csf(idet_in_csf,icsf),idet_in_csf=1,ndet_in_csf(icsf))
 -0.57735027  0.28867513 -0.28867513 -0.28867513  0.28867513 -0.57735027 (cdet_in_csf(idet_in_csf,icsf),idet_in_csf=1,ndet_in_csf(icsf))
   24   25   26   27   28   29   30   31   32   33   34   35   36   37   38   39   40   41   42   43   44   45   46   47 (iwdet_in_csf(idet_in_csf,icsf),idet_in_csf=1,ndet_in_csf(icsf))
  0.12766187  0.12766187 -0.12766187  0.12766187  0.28805590 -0.28805590  0.28805590  0.28805590  0.28805590  0.28805590 -0.28805590  0.28805590 -0.12766187  0.12766187  0.12766187  0.12766187 -0.16039403 -0.16039403  0.16039403 -0.16039403 -0.16039403 -0.16039403  0.16039403 -0.16039403 (cdet_in_csf(idet_in_csf,icsf),idet_in_csf=1,ndet_in_csf(icsf))
   48   49 (iwdet_in_csf(idet_in_csf,icsf),idet_in_csf=1,ndet_in_csf(icsf))
  0.70710678  0.70710678 (cdet_in_csf(idet_in_csf,icsf),idet_in_csf=1,ndet_in_csf(icsf))
   50   51   52   53   54   55   56   57   58   59   60   61 (iwdet_in_csf(idet_in_csf,icsf),idet_in_csf=1,ndet_in_csf(icsf))
  0.39914317 -0.39914317  0.12531831 -0.12531831 -0.12531831  0.12531831  0.39914317 -0.39914317  0.27382486 -0.27382486  0.27382486 -0.27382486 (cdet_in_csf(idet_in_csf,icsf),idet_in_csf=1,ndet_in_csf(icsf))
   62   63   64   65   66   67   68   69   70   71   72   73 (iwdet_in_csf(idet_in_csf,icsf),idet_in_csf=1,ndet_in_csf(icsf))
 -0.32383657  0.32383657  0.05336620 -0.05336620 -0.05336620  0.05336620 -0.32383657  0.32383657 -0.37720277  0.37720277 -0.37720277  0.37720277 (cdet_in_csf(idet_in_csf,icsf),idet_in_csf=1,ndet_in_csf(icsf))
   74   75   76   77   78   79   80   81   82   83   84   85   86   87   88   89   90   91   92   93   94   95   96   97 (iwdet_in_csf(idet_in_csf,icsf),idet_in_csf=1,ndet_in_csf(icsf))
 -0.16445496 -0.16445496  0.16445496 -0.16445496 -0.28769262  0.28769262 -0.28769262 -0.28769262 -0.28769262 -0.28769262  0.28769262 -0.28769262  0.16445496 -0.16445496 -0.16445496 -0.16445496  0.12323766  0.12323766 -0.12323766  0.12323766  0.12323766  0.12323766 -0.12323766  0.12323766 (cdet_in_csf(idet_in_csf,icsf),idet_in_csf=1,ndet_in_csf(icsf))
   98 (iwdet_in_csf(idet_in_csf,icsf),idet_in_csf=1,ndet_in_csf(icsf))
  1.00000000 (cdet_in_csf(idet_in_csf,icsf),idet_in_csf=1,ndet_in_csf(icsf))
   99  100  101  102  103  104  105  106  107  108  109  110 (iwdet_in_csf(idet_in_csf,icsf),idet_in_csf=1,ndet_in_csf(icsf))
  0.14905377  0.14905377  0.40367310  0.40367310  0.40367310  0.40367310  0.14905377  0.14905377 -0.25461933 -0.25461933 -0.25461933 -0.25461933 (cdet_in_csf(idet_in_csf,icsf),idet_in_csf=1,ndet_in_csf(icsf))
  111  112  113  114  115  116  117  118  119  120  121  122 (iwdet_in_csf(idet_in_csf,icsf),idet_in_csf=1,ndet_in_csf(icsf))
 -0.31540038 -0.31540038 -0.38218171 -0.38218171 -0.38218171 -0.38218171 -0.31540038 -0.31540038  0.06678133  0.06678133  0.06678133  0.06678133 (cdet_in_csf(idet_in_csf,icsf),idet_in_csf=1,ndet_in_csf(icsf))
  123  124  125  126  127  128  129  130  131  132  133  134 (iwdet_in_csf(idet_in_csf,icsf),idet_in_csf=1,ndet_in_csf(icsf))
 -0.40406687  0.40406687 -0.25250593  0.25250593  0.25250593 -0.25250593 -0.40406687  0.40406687 -0.15156095  0.15156095 -0.15156095  0.15156095 (cdet_in_csf(idet_in_csf,icsf),idet_in_csf=1,ndet_in_csf(icsf))
  135  136  137  138  139  140  141  142  143  144  145  146  147  148  149  150  151  152  153  154  155  156  157  158 (iwdet_in_csf(idet_in_csf,icsf),idet_in_csf=1,ndet_in_csf(icsf))
  0.06161229  0.06161229 -0.06161229  0.06161229  0.27504567 -0.27504567  0.27504567  0.27504567  0.27504567  0.27504567 -0.27504567  0.27504567 -0.06161229  0.06161229  0.06161229  0.06161229 -0.21343337 -0.21343337  0.21343337 -0.21343337 -0.21343337 -0.21343337  0.21343337 -0.21343337 (cdet_in_csf(idet_in_csf,icsf),idet_in_csf=1,ndet_in_csf(icsf))
  159  160 (iwdet_in_csf(idet_in_csf,icsf),idet_in_csf=1,ndet_in_csf(icsf))
  0.70710678  0.70710678 (cdet_in_csf(idet_in_csf,icsf),idet_in_csf=1,ndet_in_csf(icsf))
  161  162  163  164  165  166  167  168  169  170  171  172 (iwdet_in_csf(idet_in_csf,icsf),idet_in_csf=1,ndet_in_csf(icsf))
 -0.18447074  0.18447074 -0.40763656  0.40763656 -0.40763656  0.40763656  0.18447074 -0.18447074  0.22316582 -0.22316582  0.22316582 -0.22316582 (cdet_in_csf(idet_in_csf,icsf),idet_in_csf=1,ndet_in_csf(icsf))
  173  174  175  176  177  178 (iwdet_in_csf(idet_in_csf,icsf),idet_in_csf=1,ndet_in_csf(icsf))
 -0.43995037 -0.54375405 -0.54375405 -0.43995037  0.10380368  0.10380368 (cdet_in_csf(idet_in_csf,icsf),idet_in_csf=1,ndet_in_csf(icsf))
  179  180  181  182  183  184  185  186  187  188  189  190 (iwdet_in_csf(idet_in_csf,icsf),idet_in_csf=1,ndet_in_csf(icsf))
  0.17759845 -0.17759845  0.40714510 -0.40714510  0.40714510 -0.40714510 -0.17759845  0.17759845 -0.22954664  0.22954664 -0.22954664  0.22954664 (cdet_in_csf(idet_in_csf,icsf),idet_in_csf=1,ndet_in_csf(icsf))
  191  192  193  194  195  196 (iwdet_in_csf(idet_in_csf,icsf),idet_in_csf=1,ndet_in_csf(icsf))
 -0.57735027  0.28867513 -0.28867513 -0.28867513  0.28867513 -0.57735027 (cdet_in_csf(idet_in_csf,icsf),idet_in_csf=1,ndet_in_csf(icsf))
  197  198  199  200  201  202 (iwdet_in_csf(idet_in_csf,icsf),idet_in_csf=1,ndet_in_csf(icsf))
 -0.57594845 -0.25315272 -0.25315272 -0.57594845 -0.32279573 -0.32279573 (cdet_in_csf(idet_in_csf,icsf),idet_in_csf=1,ndet_in_csf(icsf))
  203  204  205  206  207  208  209  210  211  212  213  214 (iwdet_in_csf(idet_in_csf,icsf),idet_in_csf=1,ndet_in_csf(icsf))
  0.16740954 -0.16740954  0.40616490 -0.40616490 -0.40616490  0.40616490  0.16740954 -0.16740954 -0.23875536  0.23875536 -0.23875536  0.23875536 (cdet_in_csf(idet_in_csf,icsf),idet_in_csf=1,ndet_in_csf(icsf))
  215  216  217  218  219  220  221  222  223  224  225  226 (iwdet_in_csf(idet_in_csf,icsf),idet_in_csf=1,ndet_in_csf(icsf))
  0.06930383 -0.06930383  0.38307369 -0.38307369 -0.38307369  0.38307369  0.06930383 -0.06930383 -0.31376986  0.31376986 -0.31376986  0.31376986 (cdet_in_csf(idet_in_csf,icsf),idet_in_csf=1,ndet_in_csf(icsf))
  227  228  229  230 (iwdet_in_csf(idet_in_csf,icsf),idet_in_csf=1,ndet_in_csf(icsf))
  0.50000000  0.50000000  0.50000000  0.50000000 (cdet_in_csf(idet_in_csf,icsf),idet_in_csf=1,ndet_in_csf(icsf))
  231 (iwdet_in_csf(idet_in_csf,icsf),idet_in_csf=1,ndet_in_csf(icsf))
 -1.00000000 (cdet_in_csf(idet_in_csf,icsf),idet_in_csf=1,ndet_in_csf(icsf))
  232  233  234  235  236  237  238  239  240  241  242  243 (iwdet_in_csf(idet_in_csf,icsf),idet_in_csf=1,ndet_in_csf(icsf))
 -0.37754175  0.37754175  0.05424700 -0.05424700 -0.05424700  0.05424700 -0.37754175  0.37754175 -0.32329475  0.32329475 -0.32329475  0.32329475 (cdet_in_csf(idet_in_csf,icsf),idet_in_csf=1,ndet_in_csf(icsf))
  244  245  246  247  248  249  250  251  252  253  254  255 (iwdet_in_csf(idet_in_csf,icsf),idet_in_csf=1,ndet_in_csf(icsf))
 -0.23466499 -0.23466499 -0.40664073 -0.40664073 -0.40664073 -0.40664073 -0.23466499 -0.23466499  0.17197575  0.17197575  0.17197575  0.17197575 (cdet_in_csf(idet_in_csf,icsf),idet_in_csf=1,ndet_in_csf(icsf))
  256  257  258  259  260  261  262  263 (iwdet_in_csf(idet_in_csf,icsf),idet_in_csf=1,ndet_in_csf(icsf))
 -0.35355339 -0.35355339  0.35355339 -0.35355339 -0.35355339  0.35355339 -0.35355339 -0.35355339 (cdet_in_csf(idet_in_csf,icsf),idet_in_csf=1,ndet_in_csf(icsf))
  264 (iwdet_in_csf(idet_in_csf,icsf),idet_in_csf=1,ndet_in_csf(icsf))
  1.00000000 (cdet_in_csf(idet_in_csf,icsf),idet_in_csf=1,ndet_in_csf(icsf))
  256  258  261  263 (iwdet_in_csf(idet_in_csf,icsf),idet_in_csf=1,ndet_in_csf(icsf))
  0.50000000  0.50000000  0.50000000  0.50000000 (cdet_in_csf(idet_in_csf,icsf),idet_in_csf=1,ndet_in_csf(icsf))
  265  266  267  268  269  270  271  272  273  274  275  276 (iwdet_in_csf(idet_in_csf,icsf),idet_in_csf=1,ndet_in_csf(icsf))
 -0.26343318 -0.26343318 -0.40181328 -0.40181328 -0.40181328 -0.40181328 -0.26343318 -0.26343318  0.13838010  0.13838010  0.13838010  0.13838010 (cdet_in_csf(idet_in_csf,icsf),idet_in_csf=1,ndet_in_csf(icsf))
  277  278  279  280  281  282  283  284  285  286  287  288 (iwdet_in_csf(idet_in_csf,icsf),idet_in_csf=1,ndet_in_csf(icsf))
 -0.10115084  0.10115084 -0.39310481  0.39310481 -0.39310481  0.39310481  0.10115084 -0.10115084  0.29195396 -0.29195396  0.29195396 -0.29195396 (cdet_in_csf(idet_in_csf,icsf),idet_in_csf=1,ndet_in_csf(icsf))
  289  290 (iwdet_in_csf(idet_in_csf,icsf),idet_in_csf=1,ndet_in_csf(icsf))
  0.70710678  0.70710678 (cdet_in_csf(idet_in_csf,icsf),idet_in_csf=1,ndet_in_csf(icsf))
  291  292  293  294  295  296  297  298  299  300  301  302  303  304  305  306  307  308  309  310 (iwdet_in_csf(idet_in_csf,icsf),idet_in_csf=1,ndet_in_csf(icsf))
 -0.01502241  0.04220232 -0.28961996  0.23239523  0.23239523 -0.28961996  0.04220232 -0.01502241  0.33182228 -0.33182228  0.33182228 -0.33182228 -0.01502241  0.04220232 -0.28961996  0.23239523  0.23239523 -0.28961996  0.04220232 -0.01502241 (cdet_in_csf(idet_in_csf,icsf),idet_in_csf=1,ndet_in_csf(icsf))
  311  312  313  314 (iwdet_in_csf(idet_in_csf,icsf),idet_in_csf=1,ndet_in_csf(icsf))
 -0.50000000 -0.50000000 -0.50000000 -0.50000000 (cdet_in_csf(idet_in_csf,icsf),idet_in_csf=1,ndet_in_csf(icsf))
  315  316  317  318  319  320  321  322 (iwdet_in_csf(idet_in_csf,icsf),idet_in_csf=1,ndet_in_csf(icsf))
 -0.35355339  0.35355339 -0.35355339 -0.35355339 -0.35355339 -0.35355339  0.35355339 -0.35355339 (cdet_in_csf(idet_in_csf,icsf),idet_in_csf=1,ndet_in_csf(icsf))
  323  324  325  326  327  328 (iwdet_in_csf(idet_in_csf,icsf),idet_in_csf=1,ndet_in_csf(icsf))
 -0.55633482 -0.41184119 -0.41184119 -0.55633482 -0.14449363 -0.14449363 (cdet_in_csf(idet_in_csf,icsf),idet_in_csf=1,ndet_in_csf(icsf))
  329 (iwdet_in_csf(idet_in_csf,icsf),idet_in_csf=1,ndet_in_csf(icsf))
  1.00000000 (cdet_in_csf(idet_in_csf,icsf),idet_in_csf=1,ndet_in_csf(icsf))
  330  331  332  333  334  335  336  337 (iwdet_in_csf(idet_in_csf,icsf),idet_in_csf=1,ndet_in_csf(icsf))
 -0.35355339 -0.35355339  0.35355339 -0.35355339 -0.35355339  0.35355339 -0.35355339 -0.35355339 (cdet_in_csf(idet_in_csf,icsf),idet_in_csf=1,ndet_in_csf(icsf))
  338  339  340  341 (iwdet_in_csf(idet_in_csf,icsf),idet_in_csf=1,ndet_in_csf(icsf))
  0.50000000  0.50000000  0.50000000  0.50000000 (cdet_in_csf(idet_in_csf,icsf),idet_in_csf=1,ndet_in_csf(icsf))
  342  343  344  345  346  347  348  349  350  351  352  353 (iwdet_in_csf(idet_in_csf,icsf),idet_in_csf=1,ndet_in_csf(icsf))
 -0.12306294  0.12306294 -0.39863922  0.39863922 -0.39863922  0.39863922  0.12306294 -0.12306294  0.27557628 -0.27557628  0.27557628 -0.27557628 (cdet_in_csf(idet_in_csf,icsf),idet_in_csf=1,ndet_in_csf(icsf))
  354  355 (iwdet_in_csf(idet_in_csf,icsf),idet_in_csf=1,ndet_in_csf(icsf))
  0.70710678  0.70710678 (cdet_in_csf(idet_in_csf,icsf),idet_in_csf=1,ndet_in_csf(icsf))
  356  357 (iwdet_in_csf(idet_in_csf,icsf),idet_in_csf=1,ndet_in_csf(icsf))
  0.70710678  0.70710678 (cdet_in_csf(idet_in_csf,icsf),idet_in_csf=1,ndet_in_csf(icsf))
  358  359  360  361  362  363 (iwdet_in_csf(idet_in_csf,icsf),idet_in_csf=1,ndet_in_csf(icsf))
  0.22409405  0.57284676  0.57284676  0.22409405 -0.34875271 -0.34875271 (cdet_in_csf(idet_in_csf,icsf),idet_in_csf=1,ndet_in_csf(icsf))
  364  365  366  367  368  369  370  371  372  373  374  375 (iwdet_in_csf(idet_in_csf,icsf),idet_in_csf=1,ndet_in_csf(icsf))
 -0.34628617 -0.34628617 -0.36039804 -0.36039804 -0.36039804 -0.36039804 -0.34628617 -0.34628617  0.01411187  0.01411187  0.01411187  0.01411187 (cdet_in_csf(idet_in_csf,icsf),idet_in_csf=1,ndet_in_csf(icsf))
  376 (iwdet_in_csf(idet_in_csf,icsf),idet_in_csf=1,ndet_in_csf(icsf))
  1.00000000 (cdet_in_csf(idet_in_csf,icsf),idet_in_csf=1,ndet_in_csf(icsf))
  377  378  379  380  381  382 (iwdet_in_csf(idet_in_csf,icsf),idet_in_csf=1,ndet_in_csf(icsf))
 -0.53509516 -0.45531039 -0.45531039 -0.53509516 -0.07978477 -0.07978477 (cdet_in_csf(idet_in_csf,icsf),idet_in_csf=1,ndet_in_csf(icsf))
  203  204  205  206  207  208  209  210  211  212  213  214 (iwdet_in_csf(idet_in_csf,icsf),idet_in_csf=1,ndet_in_csf(icsf))
 -0.37234488  0.37234488 -0.04119153  0.04119153  0.04119153 -0.04119153 -0.37234488  0.37234488 -0.33115336  0.33115336 -0.33115336  0.33115336 (cdet_in_csf(idet_in_csf,icsf),idet_in_csf=1,ndet_in_csf(icsf))

  0.93987806  0.11783961  0.11805565  0.06296057  0.07614939  0.05534862  0.06384096  0.04285225  0.02124282  0.02765715  0.02122568  0.03166628  0.03462561  0.02786809  0.02031911  0.03295316  0.01727840  0.01574231  0.01408878  0.01714061  0.01700593  0.02823571  0.02247665  0.01641103  0.02292093  0.01408710  0.01456129  0.01121283  0.01328535  0.01055492  0.01593762  0.01689868  0.01122156  0.01041899  0.01158918  0.01061130  0.01200638  0.01276162  0.01050204  0.01930109  0.01121821  0.01726685  0.01399872  0.01211329  0.01118963  0.01383927  0.01148984  0.01015764 (csf_coef(icsf),icsf=1,ncsf)
           1           8           4          12           6          24           2          12          12          24           1          12          12          12          24           2          12           6          12           6           6          12          12           4           1          12          12           8           1           4          12          12           2          20           4           8           6           1           8           4          12           2           2           6          12           1           6          12 (ndet_in_csf(icsf),icsf=1,ncsf)
Move the previous 2 lines after the 1st line
