s 6 1.00
1 1.534946     0.031822
2 1.126766     -0.284692
3 0.791542     0.134293
4 0.178640     0.447713
5 0.073776     0.501301
6 0.032780     0.143845
s 6 1.00
1 1.534946     0.371714
2 1.126766     -1.460040
3 0.791542     1.125926
4 0.178640     1.598045
5 0.073776     -1.306671
6 0.032780     -0.328239
s 6 1.00
1 1.534946     1.888350
2 1.126766     -6.876878
3 0.791542     6.623484
4 0.178640     -1.836895
5 0.073776     -0.300817
6 0.032780     1.035726
s 1 1.00
1 0.058900     1.000000
p 3 1.00
1 3.619000     0.029105
2 0.711000     0.169466
3 0.195100     0.512969
p 1 1.00
1 0.060180     1.000000
d 1 1.00
1 0.238000     1.000000
