s 8 1.00
1 13.477361     -0.068812
2 10.366318     0.195841
3 4.451759     -0.499643
4 1.034535     0.486822
5 0.564680     0.488475
6 0.301117     0.248699
7 0.067769     0.012110
8 0.026665     0.000284
s 8 1.00
1 13.477361     0.015699
2 10.366318     -0.049635
3 4.451759     0.145436
4 1.034535     -0.147502
5 0.564680     -0.288572
6 0.301117     -0.173348
7 0.067769     0.762592
8 0.026665     0.417691
s 8 1.00
1 13.477361     -0.006948
2 10.366318     0.056970
3 4.451759     -0.266642
4 1.034535     0.537766
5 0.564680     0.557346
6 0.301117     -0.600386
7 0.067769     -1.666858
8 0.026665     1.730097
s 8 1.00
1 13.477361     0.044286
2 10.366318     0.050856
3 4.451759     -0.712139
4 1.034535     3.410218
5 0.564680     -2.419355
6 0.301117     -1.067876
7 0.067769     1.860022
8 0.026665     -1.143686
p 7 1.00
1 7.675629     0.027362
2 5.900655     -0.084484
3 2.665766     -0.076649
4 2.044642     0.276402
5 0.918736     0.457956
6 0.421800     0.386995
7 0.176537     0.089635
p 7 1.00
1 7.675629     -0.006243
2 5.900655     0.048318
3 2.665766     0.507648
4 2.044642     -1.036016
5 0.918736     -0.312149
6 0.421800     0.190137
7 0.176537     0.856880
p 7 1.00
1 7.675629     -0.143357
2 5.900655     0.357390
3 2.665766     -0.230640
4 2.044642     -0.669554
5 0.918736     -0.480028
6 0.421800     2.213388
7 0.176537     -1.590456
p 7 1.00
1 7.675629     0.058709
2 5.900655     0.165904
3 2.665766     -0.848016
4 2.044642     -1.519120
5 0.918736     4.069132
6 0.421800     -3.376440
7 0.176537     1.237197
d 6 1.00
1 5.262963     0.040805
2 2.239047     0.180718
3 0.848828     0.299968
4 0.301758     0.306863
5 0.100864     0.372598
6 0.032751     0.268735
d 6 1.00
1 5.262963     0.038233
2 2.239047     0.386451
3 0.848828     0.541224
4 0.301758     -0.149400
5 0.100864     -0.398345
6 0.032751     -0.278415
d 6 1.00
1 5.262963     -0.005744
2 2.239047     -0.907685
3 0.848828     0.505431
4 0.301758     0.676700
5 0.100864     -0.408355
6 0.032751     -0.242543
s 1 1.00
1 0.026301     1.000000
p 1 1.00
1 0.027772     1.000000
d 1 1.00
1 0.053700     1.000000
f 1 1.00
1 0.150900     1.000000
