s 8 1.00
1 27.846787     -0.019337
2 21.420605     0.088614
3 10.537250     -0.355859
4 2.535596     0.538088
5 1.249684     0.511137
6 0.599846     0.147640
7 0.115508     0.005905
8 0.040127     0.000168
s 8 1.00
1 27.846787     -0.002653
2 21.420605     -0.007542
3 10.537250     0.079756
4 2.535596     -0.155301
5 1.249684     -0.253078
6 0.599846     -0.028168
7 0.115508     0.712360
8 0.040127     0.388847
s 8 1.00
1 27.846787     -0.108225
2 21.420605     0.155097
3 10.537250     0.156606
4 2.535596     -1.025066
5 1.249684     -0.115985
6 0.599846     0.963662
7 0.115508     0.819969
8 0.040127     -1.230596
s 8 1.00
1 27.846787     0.308358
2 21.420605     -0.499172
3 10.537250     -0.075195
4 2.535596     2.516321
5 1.249684     -2.492951
6 0.599846     -0.137030
7 0.115508     1.613150
8 0.040127     -1.236465
s 1 1.00
1 0.020000     1.000000
p 7 1.00
1 18.594006     0.003652
2 14.303011     -0.037076
3 5.631420     0.217120
4 2.683011     0.440973
5 1.258573     0.358723
6 0.574084     0.114846
7 0.209230     0.007316
p 7 1.00
1 18.594006     -0.005212
2 14.303011     0.047110
3 5.631420     -0.332863
4 2.683011     -0.357365
5 1.258573     0.140341
6 0.574084     0.398939
7 0.209230     0.415033
p 7 1.00
1 18.594006     0.004617
2 14.303011     -0.078992
3 5.631420     0.652499
4 2.683011     0.379411
5 1.258573     -0.901852
6 0.574084     -0.351232
7 0.209230     0.465721
p 7 1.00
1 18.594006     -0.097012
2 14.303011     0.041139
3 5.631420     1.373807
4 2.683011     -1.146739
5 1.258573     -0.893878
6 0.574084     1.379927
7 0.209230     0.241322
p 1 1.00
1 0.105000     1.000000
d 6 1.00
1 15.787287     0.084222
2 7.203213     0.255433
3 2.973606     0.349966
4 1.207024     0.341672
5 0.464046     0.241697
6 0.161015     0.092583
d 6 1.00
1 15.787287     -0.103533
2 7.203213     -0.358095
3 2.973606     -0.347318
4 1.207024     0.199302
5 0.464046     0.494175
6 0.161015     0.341900
d 6 1.00
1 15.787287     0.107244
2 7.203213     0.497247
3 2.973606     0.016638
4 1.207024     -0.888579
5 0.464046     0.062604
6 0.161015     0.701567
d 1 1.00
1 0.800000     1.000000
f 1 1.00
1 1.692330     1.000000
f 1 1.00
1 6.061546     1.000000
g 1 1.00
1 4.663832     1.000000
