s 8 1.00
1 25.882657     -0.010318
2 14.037755     0.230364
3 9.007794     -0.566551
4 2.068350     0.544437
5 0.993498     0.540001
6 0.471151     0.143115
7 0.102489     0.007386
8 0.036902     0.001869
s 8 1.00
1 25.882657     0.000341
2 14.037755     -0.047646
3 9.007794     0.136465
4 2.068350     -0.153371
5 0.993498     -0.288555
6 0.471151     -0.044212
7 0.102489     0.704768
8 0.036902     0.415407
s 8 1.00
1 25.882657     -0.030967
2 14.037755     -0.034192
3 9.007794     0.383443
4 2.068350     -1.259192
5 0.993498     -0.098913
6 0.471151     1.194321
7 0.102489     0.555024
8 0.036902     -1.077563
s 8 1.00
1 25.882657     0.429968
2 14.037755     -1.786544
3 9.007794     1.482641
4 2.068350     2.684004
5 0.993498     -6.152490
6 0.471151     4.806621
7 0.102489     -2.134831
8 0.036902     0.805728
s 1 1.00
1 0.017500     1.000000
p 7 1.00
1 16.659389     0.007223
2 10.450653     -0.070315
3 4.183289     0.229161
4 2.117962     0.393199
5 1.064494     0.361596
6 0.514743     0.154139
7 0.210442     0.016498
p 7 1.00
1 16.659389     -0.005560
2 10.450653     0.063506
3 4.183289     -0.276956
4 2.117962     -0.321479
5 1.064494     -0.004808
6 0.514743     0.330833
7 0.210442     0.357095
p 7 1.00
1 16.659389     0.008185
2 10.450653     -0.125348
3 4.183289     0.657186
4 2.117962     0.505908
5 1.064494     -0.773757
6 0.514743     -0.592779
7 0.210442     0.185315
p 7 1.00
1 16.659389     0.037533
2 10.450653     0.089805
3 4.183289     -1.569597
4 2.117962     1.106861
5 1.064494     1.129157
6 0.514743     -1.167998
7 0.210442     -0.795499
p 1 1.00
1 0.105000     1.000000
d 6 1.00
1 10.232413     0.081591
2 4.841151     0.263190
3 2.039827     0.342856
4 0.840565     0.338326
5 0.328485     0.240730
6 0.116926     0.088375
d 6 1.00
1 10.232413     -0.086500
2 4.841151     -0.339738
3 2.039827     -0.328882
4 0.840565     0.130025
5 0.328485     0.494941
6 0.116926     0.365933
d 6 1.00
1 10.232413     -0.101424
2 4.841151     -0.548492
3 2.039827     -0.002091
4 0.840565     0.828457
5 0.328485     -0.088206
6 0.116926     -0.590958
d 1 1.00
1 0.058000     1.000000
f 1 1.00
1 1.340407     1.000000
f 1 1.00
1 4.502410     1.000000
g 1 1.00
1 3.599562     1.000000
