s 6 1.00
1 14.724593     0.035459
2 5.876024     0.096816
3 2.184104     0.214521
4 0.859307     0.340033
5 0.346900     0.349025
6 0.140004     0.133138
s 6 1.00
1 14.724593     -0.057627
2 5.876024     -0.205015
3 2.184104     -0.625120
4 0.859307     -0.249861
5 0.346900     0.718294
6 0.140004     0.368902
s 6 1.00
1 14.724593     -0.104628
2 5.876024     -0.758661
3 2.184104     -0.418641
4 0.859307     1.932151
5 0.346900     -0.644297
6 0.140004     -0.560811
s 1 1.00
1 0.297600     1.000000
p 1 1.00
1 0.758000     1.000000
p 1 1.00
1 3.044000     1.000000
d 1 1.00
1 1.965000     1.000000
