s 8 1.00
1 12.069048     -0.070763
2 9.279420     0.193428
3 3.843824     -0.493653
4 0.980495     0.365802
5 0.507987     0.597102
6 0.235140     0.269210
7 0.038580     0.004569
8 0.016566     -0.001158
s 8 1.00
1 12.069048     0.013322
2 9.279420     -0.039190
3 3.843824     0.111796
4 0.980495     -0.089775
5 0.507987     -0.205832
6 0.235140     -0.178814
7 0.038580     0.722698
8 0.016566     0.404078
s 8 1.00
1 12.069048     -0.070942
2 9.279420     0.237264
3 3.843824     -0.832982
4 0.980495     2.382744
5 0.507987     -0.673282
6 0.235140     -1.321024
7 0.038580     0.256722
8 0.016566     0.200108
s 8 1.00
1 12.069048     -0.676705
2 9.279420     0.981397
3 3.843824     0.157663
4 0.980495     -4.793247
5 0.507987     7.530417
6 0.235140     -3.931210
7 0.038580     0.344567
8 0.016566     0.214648
p 7 1.00
1 7.064005     0.026186
2 5.416953     -0.071147
3 2.711517     -0.143338
4 2.078824     0.267792
5 0.854092     0.438107
6 0.374019     0.435410
7 0.154283     0.129704
p 7 1.00
1 7.064005     -0.020278
2 5.416953     0.058346
3 2.711517     0.636570
4 2.078824     -1.049953
5 0.854092     -0.752403
6 0.374019     0.731023
7 0.154283     0.490763
p 7 1.00
1 7.064005     0.056535
2 5.416953     -0.182992
3 2.711517     -0.820658
4 2.078824     2.129538
5 0.854092     -0.701656
6 0.374019     -1.213006
7 0.154283     1.325680
p 7 1.00
1 7.064005     -0.052045
2 5.416953     0.351154
3 2.711517     -0.198625
4 2.078824     -2.045908
5 0.854092     3.768536
6 0.374019     -3.432447
7 0.154283     1.536047
d 6 1.00
1 2.800270     0.032813
2 0.814743     0.081949
3 0.214162     0.087435
4 0.052469     0.259192
5 0.016177     0.660947
6 0.005297     0.221836
d 6 1.00
1 2.800270     0.280064
2 0.814743     0.749156
3 0.214162     0.132601
4 0.052469     -0.071315
5 0.016177     -0.117915
6 0.005297     -0.046267
d 6 1.00
1 2.800270     -0.692360
2 0.814743     0.054140
3 0.214162     0.860364
4 0.052469     -0.224203
5 0.016177     -0.015374
6 0.005297     -0.066302
s 1 1.00
1 0.018206     1.000000
p 1 1.00
1 0.174519     1.000000
d 1 1.00
1 0.070000     1.000000
f 1 1.00
1 0.090000     1.000000
