s 6 1.00
1 1.865990     0.005887
2 0.725995     -0.057751
3 0.309251     -0.111789
4 0.110313     0.361605
5 0.048874     -0.241554
6 0.021768     1.027902
s 6 1.00
1 1.865990     0.021568
2 0.725995     -0.162539
3 0.309251     0.000231
4 0.110313     0.104303
5 0.048874     2.112288
6 0.021768     -1.974803
s 6 1.00
1 1.865990     -0.030846
2 0.725995     0.243037
3 0.309251     0.304338
4 0.110313     -3.800734
5 0.048874     5.123011
6 0.021768     -2.224756
s 1 1.00
1 0.028050     1.000000
p 3 1.00
1 1.534000     0.022786
2 0.274900     0.139102
3 0.073620     0.500375
p 1 1.00
1 0.024030     1.000000
d 1 1.00
1 0.123900     1.000000
