s 6 1.00
1 1.478260     0.016543
2 0.730245     -0.070302
3 0.310223     -0.112523
4 0.092031     0.249490
5 0.043335     -0.049536
6 0.019667     0.919011
s 6 1.00
1 1.478260     0.047476
2 0.730245     -0.203137
3 0.310223     -0.054702
4 0.092031     0.305867
5 0.043335     1.913205
6 0.019667     -1.942172
s 6 1.00
1 1.478260     -0.141159
2 0.730245     0.624950
3 0.310223     -0.305184
4 0.092031     -3.427996
5 0.043335     5.157414
6 0.019667     -2.323563
p 6 1.00
1 1.191176     0.008098
2 0.688275     -0.046550
3 0.158308     -0.009617
4 0.094423     0.244709
5 0.036269     0.617743
6 0.014748     0.251068
p 6 1.00
1 1.191176     0.040009
2 0.688275     -0.174299
3 0.158308     0.297309
4 0.094423     1.054921
5 0.036269     -0.693321
6 0.014748     -0.360859
d 1 1.00
1 0.097300     1.000000
