s 9 1.00
1 0.205835     0.057514
2 0.391384     0.215776
3 0.744196     0.374799
4 1.415048     0.326313
5 2.690638     0.166383
6 5.116103     -0.039149
7 9.727994     -0.085909
8 18.497256     0.006816
9 35.171534     0.000206
s 1 1.00
1 0.317767     1.000000
s 1 1.00
1 0.534557     1.000000
p 9 1.00
1 0.121772     0.029943
2 0.238248     0.114200
3 0.466136     0.219618
4 0.912002     0.268864
5 1.784344     0.256932
6 3.491095     0.191378
7 6.830378     0.112176
8 13.363732     0.063317
9 26.146332     0.008057
p 1 1.00
1 0.294665     1.000000
p 1 1.00
1 0.962126     1.000000
d 1 1.00
1 1.134063     1.000000
d 1 1.00
1 4.161437     1.000000
f 1 1.00
1 2.556751     1.000000
