s 8 1.00
1 30.258290     -0.006754
2 15.329562     0.285782
3 10.827340     -0.617275
4 2.529540     0.528687
5 1.212611     0.546651
6 0.569930     0.153300
7 0.111595     0.006357
8 0.039214     0.000559
s 8 1.00
1 30.258290     -0.000711
2 15.329562     -0.052825
3 10.827340     0.134235
4 2.529540     -0.135340
5 1.212611     -0.276025
6 0.569930     -0.041762
7 0.111595     0.712058
8 0.039214     0.395186
s 8 1.00
1 30.258290     -0.028867
2 15.329562     -0.026894
3 10.827340     0.325312
4 2.529540     -1.017838
5 1.212611     -0.263044
6 0.569930     1.078192
7 0.111595     0.768498
8 0.039214     -1.218367
s 8 1.00
1 30.258290     0.077232
2 15.329562     -0.172441
3 10.827340     -0.285653
4 2.529540     2.483551
5 1.212611     -2.236910
6 0.569930     -0.309581
7 0.111595     1.731936
8 0.039214     -1.354586
p 7 1.00
1 17.542947     0.018554
2 13.493407     -0.069837
3 4.676387     0.282703
4 2.262485     0.422489
5 1.104951     0.325854
6 0.524422     0.107669
7 0.201013     0.008076
p 7 1.00
1 17.542947     -0.010625
2 13.493407     0.056656
3 4.676387     -0.349026
4 2.262485     -0.282173
5 1.104951     0.094042
6 0.524422     0.364373
7 0.201013     0.428117
p 7 1.00
1 17.542947     0.009328
2 13.493407     -0.094785
3 4.676387     0.767269
4 2.262485     0.264838
5 1.104951     -0.879272
6 0.524422     -0.391378
7 0.201013     0.416768
p 7 1.00
1 17.542947     -0.142759
2 13.493407     0.103869
3 4.676387     1.485555
4 2.262485     -1.470537
5 1.104951     -0.668792
6 0.524422     1.308684
7 0.201013     0.316027
p 1 1.00
1 0.100000     1.000000
d 6 1.00
1 12.226319     0.083677
2 5.865728     0.274473
3 2.498731     0.342297
4 1.032777     0.331910
5 0.402547     0.234937
6 0.141517     0.086590
d 6 1.00
1 12.226319     -0.097977
2 5.865728     -0.364843
3 2.498731     -0.311735
4 1.032777     0.173709
5 0.402547     0.495418
6 0.141517     0.335459
d 6 1.00
1 12.226319     -0.112487
2 5.865728     -0.533716
3 2.498731     0.049232
4 1.032777     0.800619
5 0.402547     -0.113290
6 0.141517     -0.599733
d 1 1.00
1 0.070000     1.000000
f 1 1.00
1 1.467198     1.000000
f 1 1.00
1 5.312151     1.000000
g 1 1.00
1 4.394273     1.000000
